Frame	X Coordinate 1	Y Coordinate 1	X Coordinate 2	Y Coordinate 2	X Coordinate 3	Y Coordinate 3	X Coordinate 4	Y Coordinate 4	X Coordinate 5	Y Coordinate 5	X Coordinate 6	Y Coordinate 6	X Coordinate 7	Y Coordinate 7	X Coordinate 8	Y Coordinate 80	616.620361328125	857.153564453125	812.5587959289551	946.7017574310303	900.076171875	971.8421630859375	1019.2898979187012	891.5614643096924	1188.5906372070312	921.1472682952881	1297.640625	1017.2670288085938	1383.4600830078125	990.5111083984375	1519.2010612487793	908.0328521728516	
1	617.0261840820312	856.9132080078125	813.419921875	946.3255615234375	899.420166015625	971.7471923828125	1019.4993286132812	892.8348999023438	1185.9655799865723	919.7011871337891	1293.374755859375	1016.4098510742188	1379.3808097839355	990.1773338317871	1514.385009765625	908.6099853515625	
2	615.2540283203125	856.7645874023438	812.0385322570801	944.7988033294678	898.0741386413574	970.9754257202148	1018.0201988220215	892.311393737793	1182.5990028381348	918.8732452392578	1289.6313171386719	1016.0417213439941	1375.4083976745605	989.4239768981934	1509.9930839538574	909.1243915557861	
3	613.1839065551758	854.4092426300049	810.5386962890625	942.8466796875	895.482479095459	967.4673442840576	1016.2374267578125	891.1571559906006	1180.836025238037	918.520830154419	1288.2574157714844	1015.5881080627441	1373.3595542907715	989.4336891174316	1507.1500358581543	909.1738433837891	
4	607.8061599731445	850.5980243682861	807.0046577453613	940.8675289154053	893.362606048584	966.4576396942139	1012.2083702087402	889.6875591278076	1178.2988319396973	917.3628082275391	1284.8378601074219	1014.7894020080566	1371.0967140197754	987.7939682006836	1503.6872520446777	908.3213977813721	
5	604.6499633789062	850.22998046875	803.4544677734375	940.3364868164062	889.433162689209	965.1186504364014	1007.6755332946777	888.8901958465576	1176.6912231445312	916.9976692199707	1283.4009704589844	1013.6950416564941	1367.7080421447754	985.9756698608398	1501.5935134887695	907.7075328826904	
6	601.1286010742188	849.5540771484375	799.7357788085938	938.1690063476562	885.584529876709	962.9118633270264	1003.770565032959	888.2414531707764	1174.012538909912	916.208086013794	1278.0174560546875	1011.0826416015625	1363.508903503418	983.5652503967285	1497.5371170043945	907.9086437225342	
7	595.5109252929688	849.4495849609375	795.3209419250488	936.867467880249	880.3091354370117	962.5024604797363	998.9793663024902	887.0814189910889	1168.565029144287	913.952226638794	1273.1414413452148	1008.8823833465576	1358.2943649291992	980.9532203674316	1492.7015342712402	907.8240337371826	
8	591.3047485351562	848.7418823242188	790.6068725585938	936.3656005859375	874.2875938415527	961.7896709442139	994.004451751709	886.9074687957764	1164.5748329162598	913.5780181884766	1267.0166854858398	1007.1994609832764	1352.744743347168	980.1785926818848	1486.7750205993652	907.2410259246826	
9	587.0366897583008	847.9263935089111	786.4261741638184	934.5998706817627	869.2036781311035	961.2509574890137	989.1156539916992	886.4620265960693	1161.9671020507812	912.8002815246582	1262.4204406738281	1005.6494388580322	1347.4653854370117	977.2205543518066	1482.0401420593262	906.9121589660645	
10	582.9531593322754	846.6548385620117	782.2122688293457	934.3565883636475	863.474781036377	963.0156402587891	985.9702606201172	884.9387168884277	1157.7446250915527	911.8155498504639	1258.3830528259277	1003.2828960418701	1342.3513450622559	974.8677444458008	1477.964485168457	907.0995006561279	
11	582.9282836914062	846.3339233398438	781.6438598632812	930.258867263794	862.225513458252	957.2117462158203	984.4962120056152	880.4276008605957	1155.6042442321777	910.8814067840576	1254.1270713806152	1001.5969219207764	1337.997745513916	972.8890914916992	1476.8215293884277	906.6139507293701	
12	582.7092018127441	846.408073425293	784.5540046691895	921.50710105896	862.8011245727539	939.9842834472656	980.0463218688965	866.3144416809082	1153.6307334899902	912.4995098114014	1250.3389472961426	997.9139976501465	1333.3249740600586	970.0796546936035	1472.8947143554688	907.1568870544434	
13	582.3195533752441	846.9045944213867	782.5534934997559	916.2362842559814	862.5162734985352	932.1952209472656	973.2994346618652	855.7003059387207	1152.1975631713867	911.3661918640137	1246.72945022583	992.4957847595215	1327.1205863952637	965.2009735107422	1468.9025268554688	907.0395774841309	
14	581.4820785522461	848.2755908966064	778.9512901306152	907.9575347900391	860.6690444946289	923.2960624694824	964.556209564209	851.2090950012207	1147.6934776306152	908.0684776306152	1240.102481842041	986.7214813232422	1319.1697845458984	961.434497833252	1461.1276245117188	906.3586082458496	
15	582.0352401733398	847.024492263794	775.1014366149902	904.8664093017578	854.7333374023438	919.4501209259033	959.0051689147949	855.9441299438477	1143.0817222595215	899.7697010040283	1231.3577308654785	975.1454315185547	1308.8003997802734	952.1418952941895	1450.1910133361816	904.7371063232422	
16	576.7165832519531	845.3249492645264	764.6865081787109	909.3175868988037	848.7611083984375	923.5354480743408	956.7089958190918	883.9829845428467	1141.9563827514648	892.3209991455078	1224.2860641479492	962.6016674041748	1240.966423034668	954.0586280822754	1436.8083381652832	898.9313888549805	
17	566.5576477050781	846.0990581512451	756.3359222412109	920.875509262085	839.9612197875977	943.8060607910156	950.4925498962402	906.2512683868408	1137.1312294006348	895.9267101287842	1221.1299476623535	970.6711273193359	1236.827018737793	962.1393165588379	1427.7324104309082	897.2294235229492	
18	552.1878852844238	845.9376735687256	742.9257049560547	927.6561489105225	825.2438735961914	959.6542053222656	939.6383628845215	911.3361682891846	1131.6772499084473	903.8006114959717	1221.0315589904785	985.7134857177734	1233.8151779174805	979.9587745666504	1426.1196174621582	901.7222213745117	
19	540.5609016418457	845.3787136077881	732.0972137451172	924.6535243988037	815.6314468383789	954.3194885253906	929.2583427429199	905.0811710357666	1124.8567733764648	906.9348297119141	1218.7022132873535	994.5202484130859	1230.5463790893555	993.1999855041504	1431.1408576965332	909.0177536010742	
20	529.0613899230957	842.2239284515381	717.1169891357422	921.58083152771	803.9576797485352	948.9859924316406	915.3783531188965	896.7587757110596	1114.8759384155273	904.5730133056641	1210.9922409057617	993.2264232635498	1221.9252853393555	990.5890235900879	1431.2422981262207	912.2579879760742	
21	519.581657409668	840.6006259918213	705.5421600341797	922.02321434021	789.9602432250977	949.7559013366699	900.3388481140137	894.8785343170166	1107.6764450073242	900.8973846435547	1203.7636032104492	988.828779220581	1214.8073844909668	986.8139991760254	1425.3269996643066	909.7421722412109	
22	510.28231048583984	839.999490737915	694.0811614990234	924.2852993011475	777.8302116394043	954.0275726318359	887.422290802002	896.0124645233154	1104.1132125854492	901.0110931396484	1198.8709144592285	989.4594573974609	1211.5647583007812	985.2476539611816	1419.6808815002441	905.1186981201172	
23	499.0498809814453	837.4805183410645	678.2055511474609	924.3988857269287	761.0228576660156	951.2705421447754	872.3339653015137	892.3256168365479	1096.6764450073242	897.5461883544922	1191.5907745361328	985.7390098571777	1203.9780883789062	979.4339332580566	1410.9045143127441	900.2950286865234	
24	488.4036560058594	833.0512046813965	663.8515472412109	919.6336879730225	747.3932609558105	946.5634002685547	858.203182220459	887.6988391876221	1087.5618476867676	893.1029796600342	1180.0681076049805	978.7495079040527	1193.8540649414062	971.5686378479004	1397.7413063049316	893.2659149169922	
25	480.78741455078125	827.9435386657715	652.21826171875	919.5827140808105	734.7666320800781	947.7146949768066	844.0824546813965	885.7539539337158	1075.9578857421875	884.838939666748	1167.5374183654785	966.6955413818359	1181.2139282226562	958.6878395080566	1380.681884765625	883.8376560211182	
26	472.63360595703125	826.1320762634277	642.433349609375	920.7172966003418	721.2303123474121	951.1053428649902	831.7812271118164	885.8243160247803	1065.8560791015625	883.0723991394043	1155.0758590698242	964.8970775604248	1169.1118774414062	955.4800148010254	1371.6452941894531	884.0804386138916	
27	459.3627471923828	825.4254035949707	628.3662109375	921.2904777526855	705.8938865661621	952.335262298584	820.1627731323242	884.1939544677734	1052.6510009765625	883.1444816589355	1142.3472213745117	965.8973217010498	1156.591926574707	957.4370422363281	1358.8124084472656	883.9988956451416	
28	448.6925811767578	822.4465827941895	614.6778945922852	917.1497821807861	692.9830627441406	949.0448341369629	804.650749206543	874.7737274169922	1038.75830078125	878.5648918151855	1128.3272018432617	963.193525314331	1142.1726150512695	954.4193420410156	1345.8264465332031	884.7551822662354	
29	444.4898376464844	813.6953086853027	600.0291595458984	914.3919429779053	677.7147521972656	947.7838478088379	790.5847549438477	870.6935157775879	1026.2582931518555	869.0708465576172	1113.2809371948242	946.5588207244873	1126.6560134887695	937.8316955566406	1326.0591125488281	876.0588321685791	
30	443.12672424316406	806.097095489502	585.1221771240234	914.433141708374	662.8327293395996	949.3908042907715	779.2368240356445	873.0949192047119	1012.2283897399902	863.2301120758057	1098.7794723510742	939.3877391815186	1113.7485427856445	928.9016418457031	1308.5416564941406	866.8640079498291	
31	428.4877510070801	808.0598526000977	571.3443603515625	915.8330917358398	649.0506858825684	950.4865684509277	764.8763809204102	875.5144386291504	996.368953704834	860.0862522125244	1082.976505279541	938.3455657958984	1098.0595054626465	928.3422546386719	1291.394027709961	868.1796054840088	
32	417.29660415649414	809.2375621795654	558.2212333679199	915.5133094787598	636.0284080505371	949.0624961853027	753.1570510864258	874.7032566070557	978.4567413330078	856.603588104248	1065.1943397521973	938.8517303466797	1079.7296180725098	928.7120018005371	1276.9260559082031	867.8978271484375	
33	411.6663627624512	806.0629138946533	549.0611381530762	908.4489784240723	625.9483909606934	942.9217491149902	743.0524368286133	870.0371799468994	959.8542022705078	854.0456047058105	1046.3042030334473	937.7883148193359	1061.6081581115723	928.2128562927246	1260.9975891113281	869.1287231445312	
34	405.7793159484863	802.7518672943115	538.3223724365234	906.189001083374	615.8252220153809	940.786190032959	731.3008270263672	869.4746913909912	944.3382110595703	853.1525382995605	1031.3522872924805	939.3646068572998	1045.5915565490723	930.2150535583496	1246.6422424316406	869.7349243164062	
35	391.7025337219238	811.4476070404053	528.3339958190918	909.971378326416	603.3833274841309	944.1181602478027	718.9460296630859	876.036153793335	927.4443321228027	854.4374485015869	1015.2451705932617	945.4686107635498	1030.3048133850098	936.6975975036621	1234.6255187988281	875.8115234375	
36	373.6891670227051	817.9269771575928	515.6537475585938	914.4516830444336	591.3055686950684	945.919979095459	709.1317596435547	879.805685043335	910.6629524230957	855.9953441619873	999.3608131408691	951.6681709289551	1014.189884185791	943.6134910583496	1222.5506439208984	877.4933261871338	
37	363.7549858093262	817.6861419677734	506.5226135253906	912.3902206420898	581.0535545349121	942.9050254821777	698.4076995849609	875.8406581878662	896.7875862121582	853.7936935424805	986.2556686401367	951.033369064331	999.3138275146484	942.6408348083496	1210.209213256836	877.1500034332275	
38	360.9111442565918	808.8094329833984	496.6722526550293	907.3767127990723	569.8999900817871	940.4672813415527	687.9981651306152	870.3523616790771	885.6829719543457	848.648063659668	972.3139991760254	944.0904121398926	985.8206024169922	936.8866844177246	1198.0127258300781	874.3834228515625	
39	355.88753509521484	805.8929958343506	487.1967582702637	903.5130043029785	561.6127586364746	936.053524017334	679.4826622009277	865.2786922454834	877.4200325012207	843.3203048706055	962.160758972168	939.3425731658936	976.6595306396484	933.3131980895996	1190.0890197753906	874.6571044921875	
40	344.93053436279297	807.1779079437256	479.1419792175293	902.108829498291	553.0346946716309	932.8693809509277	671.3861045837402	865.0440120697021	868.9247932434082	840.0675582885742	953.3995895385742	935.4813060760498	967.8559494018555	929.5022430419922	1182.9260559082031	874.2740478515625	
41	337.7403793334961	802.7730617523193	473.7816581726074	902.4066200256348	545.9468650817871	937.204402923584	666.0867881774902	869.0212459564209	862.1188850402832	835.9030685424805	947.0489540100098	932.2255096435547	960.1222991943359	926.7542381286621	1176.3675842285156	869.3800659179688	
42	334.7846488952637	797.4318332672119	469.5875358581543	903.7414588928223	539.851131439209	941.1356163024902	663.9302940368652	872.1319026947021	859.7067756652832	831.224775314331	944.9016151428223	926.3320159912109	958.7281951904297	919.8965110778809	1173.0840148925781	863.847900390625	
43	338.0090141296387	790.4348850250244	473.7322998046875	898.7539901733398	545.6481590270996	934.9578819274902	667.3978843688965	868.1427669525146	864.010425567627	827.1391429901123	949.4069862365723	920.4842987060547	962.7392425537109	913.8307762145996	1178.7320861816406	859.537353515625	
44	347.0989799499512	781.2067356109619	483.3291931152344	887.8593368530273	558.1174583435059	922.2318687438965	675.9556732177734	856.938985824585	873.2310066223145	823.2502880096436	959.397403717041	909.5048675537109	973.5200653076172	903.1836814880371	1193.7862854003906	855.4671630859375	
45	359.84310150146484	773.1179103851318	492.3922538757324	881.9548377990723	567.4297142028809	913.9528160095215	683.3708953857422	848.8883266448975	892.614917755127	823.0179271697998	978.9108924865723	902.5835418701172	994.1185035705566	893.6551742553711	1215.0831604003906	851.4852294921875	
46	371.6240768432617	772.4819240570068	507.57579040527344	876.837194442749	582.8274192810059	909.1166954040527	694.6657562255859	847.6383876800537	915.0281257629395	824.9517040252686	1004.6228675842285	903.9092864990234	1017.3591041564941	895.4751815795898	1235.3989562988281	847.4116821289062	
47	382.88683319091797	771.4733180999756	521.6614227294922	875.6461544036865	596.7391624450684	905.703670501709	709.8139114379883	846.4997653961182	934.952507019043	830.6586990356445	1027.503532409668	914.8464794158936	1040.3348121643066	905.3291244506836	1262.4557189941406	848.0681762695312	
48	397.08922576904297	767.8367824554443	536.9539031982422	870.897253036499	612.9558982849121	901.0751304626465	726.0501174926758	840.2341403961182	956.7101364135742	832.0877151489258	1050.1144752502441	924.7206001281738	1062.8041725158691	915.6403427124023	1288.2516174316406	848.80078125	
49	413.9409408569336	761.0573635101318	555.2610244750977	862.6394062042236	631.6688499450684	890.8342247009277	742.4221267700195	827.1610202789307	975.5168991088867	831.7947463989258	1070.6367111206055	926.1042499542236	1084.0722694396973	918.0918846130371	1305.6448059082031	846.9173583984375	
50	433.50846099853516	751.4577465057373	569.0261611938477	854.9106464385986	647.3363037109375	882.990514755249	757.4359817504883	817.2032566070557	994.118278503418	827.0912551879883	1088.3705978393555	917.7503070831299	1101.3618507385254	909.2419662475586	1318.3763732910156	837.913330078125	
51	446.9947280883789	750.7211742401123	583.0894546508789	851.0098896026611	662.8550415039062	877.940221786499	772.1840286254883	813.4809055328369	1014.1893844604492	821.0003128051758	1107.298942565918	906.8156147003174	1121.0692176818848	896.5974388122559	1336.4106750488281	830.493408203125	
52	461.04554748535156	750.4046363830566	597.0740127563477	850.5512714385986	675.1350708007812	878.2042598724365	787.5686721801758	813.3079319000244	1032.5993576049805	818.0546340942383	1126.415153503418	902.8081684112549	1140.5124549865723	893.9539451599121	1354.1734199523926	824.0583171844482	
53	463.65065002441406	759.2118873596191	609.2228164672852	854.9642963409424	687.40771484375	879.7912349700928	801.3573989868164	814.8521461486816	1049.277702331543	815.513801574707	1146.1083908081055	902.4633808135986	1159.3011512756348	893.6352806091309	1369.4988479614258	819.4357795715332	
54	466.33619689941406	764.4858741760254	622.8454513549805	855.0242004394531	703.4207763671875	875.8588619232178	816.2817153930664	811.7668800354004	1064.654556274414	813.2492771148682	1164.537712097168	903.3548603057861	1177.9600143432617	894.4177474975586	1391.5231399536133	817.1740608215332	
55	479.2958526611328	760.0858497619629	637.0866012573242	848.3268127441406	719.1063842773438	868.2848262786865	828.7144546508789	802.1655006408691	1079.7224044799805	809.3137893676758	1181.858512878418	902.2569599151611	1195.7028121948242	893.1546249389648	1410.3141632080078	813.3583030700684	
56	497.38673400878906	749.9311866760254	648.8262252807617	842.7087707519531	730.5512084960938	863.1248531341553	839.6457290649414	794.3738746643066	1093.035758972168	804.894905090332	1193.6393966674805	893.5258808135986	1206.4231491088867	884.5736312866211	1422.3910675048828	806.7841453552246	
57	509.9308624267578	748.5776100158691	661.214714050293	840.7942199707031	741.69775390625	862.270055770874	850.5609512329102	794.7977027893066	1104.963737487793	800.9287796020508	1205.2648849487305	887.0004901885986	1218.6884078979492	877.2705917358398	1435.7765655517578	801.3302879333496	
58	514.0996856689453	752.8899269104004	671.2312622070312	844.8939323425293	750.7703247070312	868.3757076263428	863.9356460571289	802.8889503479004	1116.779956817627	797.7118949890137	1216.783115386963	884.1433906555176	1231.0647506713867	875.5945663452148	1449.223777770996	796.6478233337402	
59	522.1034088134766	752.5334815979004	679.8230590820312	847.707103729248	758.4954490661621	873.9335899353027	874.9232711791992	805.3545970916748	1125.720630645752	794.6315116882324	1228.358798980713	883.7581367492676	1240.5802536010742	875.0561141967773	1457.9043731689453	792.4539432525635	
60	530.9195709228516	749.3886451721191	689.9588012695312	846.6999626159668	768.4905662536621	872.482479095459	884.4804611206055	799.8650951385498	1133.155445098877	792.0716972351074	1238.3001022338867	884.2368602752686	1250.969841003418	874.9426498413086	1467.9788360595703	787.7328128814697	
61	540.2754669189453	747.7823829650879	699.1415824890137	842.8167304992676	777.2536926269531	867.8410377502441	892.0719947814941	794.4047584533691	1137.0845222473145	787.0091972351074	1242.3702926635742	878.9714183807373	1257.2706832885742	872.4621810913086	1473.8783721923828	784.4701175689697	
62	546.3237457275391	746.1040382385254	705.0538139343262	838.8226509094238	783.5831604003906	863.6271095275879	899.5045051574707	790.3011283874512	1138.9958992004395	782.9761772155762	1245.867862701416	878.1615447998047	1259.081657409668	870.4160385131836	1479.5119171142578	780.930627822876	
63	553.9893341064453	742.9801979064941	714.8749809265137	837.6805000305176	793.0539855957031	863.8020973205566	908.2005958557129	789.7191028594971	1143.2192878723145	783.8864555358887	1252.623233795166	879.4746551513672	1265.2132682800293	874.3463439941406	1484.1280708312988	779.0285587310791	
64	559.1116485595703	743.2280616760254	722.438346862793	837.3062877655029	800.3756408691406	867.0558204650879	917.2070159912109	792.0929374694824	1142.8091316223145	781.6523246765137	1252.0028839111328	875.5900230407715	1265.365894317627	870.7106895446777	1487.908275604248	776.4295272827148	
65	564.1605987548828	739.0397071838379	727.2292098999023	836.4314117431641	804.3705558776855	868.0296478271484	923.1520690917969	790.3060150146484	1144.2161140441895	776.1423759460449	1252.3318634033203	872.357479095459	1267.0176010131836	867.2126274108887	1498.9614448547363	775.1045455932617	
66	572.5136871337891	731.9436378479004	732.1568069458008	831.5917892456055	809.0594215393066	865.6957206726074	929.1065368652344	785.3392791748047	1144.956958770752	775.4325370788574	1256.2700843811035	871.502607345581	1271.836570739746	866.5582084655762	1500.0405464172363	770.1617965698242	
67	579.3355255126953	726.5167579650879	738.5927276611328	823.5336055755615	815.929012298584	857.3984222412109	935.7250671386719	777.5242156982422	1144.9795417785645	768.7051200866699	1255.8802032470703	864.5493717193604	1271.3579711914062	859.0327262878418	1492.1585426330566	762.8036842346191	
68	585.4270172119141	718.2677345275879	746.345832824707	814.2162990570068	822.9749717712402	845.6300506591797	941.0458679199219	766.4636688232422	1144.3545989990234	758.0751247406006	1255.0945587158203	854.6182804107666	1269.4363403320312	849.2411613464355	1492.4416236877441	755.3598365783691	
69	594.6635894775391	707.7384376525879	751.5133743286133	803.6168117523193	828.6249122619629	833.985013961792	945.1668395996094	753.4767303466797	1142.602523803711	751.3722438812256	1251.7605743408203	847.6861515045166	1267.2854614257812	841.1257438659668	1491.9295387268066	746.8475074768066	
70	604.5601959228516	694.8386573791504	755.8997268676758	790.7169094085693	834.3454322814941	818.984281539917	949.5695495605469	737.2098846435547	1141.907943725586	745.0016384124756	1250.9551544189453	839.2578067779541	1265.3325805664062	832.0666618347168	1487.9362525939941	738.7804908752441	
71	605.6345367431641	686.2073707580566	754.5299758911133	779.7604885101318	833.4118995666504	807.0307903289795	947.6195983886719	722.9463348388672	1141.805103302002	737.5992240905762	1247.1829376220703	828.3265933990479	1261.9920043945312	822.517894744873	1482.1259498596191	729.3350563049316	
72	603.8928985595703	679.9813575744629	750.6389961242676	771.8646373748779	830.6591758728027	797.2390594482422	942.8400573730469	714.1566009521484	1141.7390632629395	731.7523002624512	1244.3541870117188	819.9775810241699	1260.4009399414062	812.9928703308105	1479.0585670471191	721.1412696838379	
73	600.7434768676758	675.8629570007324	747.9091720581055	766.8532218933105	828.1137046813965	790.9334564208984	939.7145690917969	709.8545989990234	1141.010238647461	729.0432033538818	1242.6637573242188	815.3852348327637	1257.8228149414062	809.5202140808105	1473.7752418518066	715.7986793518066	
74	590.792552947998	675.4018268585205	743.5380668640137	765.829423904419	823.853572845459	790.5974578857422	935.9651947021484	717.0086460113525	1137.6218757629395	722.1836967468262	1238.9518432617188	809.7002372741699	1254.5725708007812	803.4936027526855	1470.0841217041016	712.7700653076172	
75	581.0492668151855	671.4311237335205	735.4340133666992	765.1871452331543	817.800106048584	793.1943206787109	930.8758239746094	721.1446990966797	1135.397445678711	717.4454860687256	1239.4140014648438	808.2053642272949	1254.2844848632812	801.5395622253418	1470.8526763916016	708.5670013427734	
76	573.871654510498	665.396577835083	729.0803146362305	759.405101776123	811.731990814209	787.3818817138672	924.7762184143066	715.6602210998535	1131.249740600586	715.1484889984131	1237.6532592773438	805.8290214538574	1253.1416625976562	799.5528678894043	1474.044692993164	705.6542205810547	
77	568.606876373291	660.1863212585449	723.7551460266113	750.8246593475342	807.7332725524902	775.9952850341797	916.3870582580566	705.2309608459473	1125.1562995910645	708.2493705749512	1229.5917358398438	797.0926322937012	1243.5591049194336	790.3215141296387	1466.127456665039	702.0556488037109	
78	563.3731727600098	653.7129936218262	717.2506790161133	744.0436916351318	799.6212730407715	768.9646453857422	908.0973854064941	697.4580726623535	1119.1208419799805	700.5358943939209	1219.4574584960938	784.2549247741699	1236.013816833496	777.6730155944824	1450.587905883789	693.3185882568359	
79	553.9463577270508	652.3396301269531	710.5146560668945	739.4140529632568	791.7308311462402	764.4217376708984	902.4101295471191	694.2966957092285	1116.1174240112305	698.7568416595459	1215.1305541992188	779.0493583679199	1230.6538696289062	771.5305290222168	1442.936050415039	687.6111907958984	
80	530.0183792114258	660.1754455566406	702.2974319458008	742.0391139984131	787.134578704834	762.4166717529297	897.1565895080566	693.6433143615723	1108.1279754638672	696.0069980621338	1206.8788452148438	777.9668388366699	1222.3784790039062	770.9853019714355	1436.1065521240234	688.231689453125	
81	508.5393753051758	662.6596984863281	691.9676704406738	743.0791149139404	777.8620567321777	763.2817230224609	892.0202331542969	693.7086639404297	1097.2548065185547	694.6743564605713	1199.899730682373	781.383659362793	1213.8357543945312	773.6900749206543	1428.1160736083984	688.2589721679688	
82	491.9103698730469	662.8808994293213	682.4784126281738	743.7776622772217	770.4899253845215	763.1139984130859	886.1706237792969	694.2311859130859	1084.5450325012207	693.8350868225098	1186.3163566589355	777.419059753418	1200.69926071167	771.7886276245117	1415.245834350586	687.6298217773438	
83	478.73976135253906	661.4294891357422	672.3451118469238	742.5252819061279	762.4211387634277	761.8064422607422	878.9273376464844	690.7498016357422	1070.8265266418457	689.686710357666	1167.8307609558105	771.1140670776367	1183.328899383545	764.0880661010742	1402.881820678711	687.8020629882812	
84	463.541446685791	658.6257972717285	658.4049873352051	740.9354991912842	752.5355186462402	761.3312225341797	869.9148864746094	685.2390594482422	1058.0098686218262	687.9577407836914	1154.1811027526855	766.4982833862305	1168.2280349731445	760.2774925231934	1391.245346069336	687.8842163085938	
85	449.6946144104004	654.863224029541	645.4287300109863	739.0294322967529	738.6006813049316	758.6653842926025	857.3003845214844	675.4883880615234	1042.7208099365234	683.5866107940674	1135.8925285339355	762.267204284668	1150.9404373168945	754.9555320739746	1370.720687866211	685.9519653320312	
86	442.1454200744629	650.2700843811035	632.8152046203613	733.6768932342529	725.8982620239258	756.5280590057373	842.3096618652344	670.0051727294922	1030.832748413086	676.0427875518799	1119.9657554626465	750.2501010894775	1135.646282196045	744.3346481323242	1352.1431732177734	681.7415771484375	
87	427.17089080810547	647.8071823120117	617.8748970031738	732.6336803436279	711.1826438903809	754.6682472229004	827.5592956542969	670.1653900146484	1016.8563079833984	670.6782855987549	1102.3126792907715	744.7384433746338	1117.87845993042	737.140983581543	1331.924789428711	679.6508178710938	
88	411.83399963378906	644.5288467407227	601.7024116516113	732.4605236053467	693.5359764099121	758.5799903869629	812.6968688964844	679.1158294677734	999.0608367919922	674.5079364776611	1085.952449798584	751.8550815582275	1102.06303024292	744.920036315918	1317.280014038086	684.1506958007812	
89	398.2248954772949	640.0760955810547	586.5762252807617	731.077465057373	677.1189041137695	758.2754955291748	798.5658874511719	682.3641815185547	982.6396942138672	677.4299335479736	1072.3453216552734	760.1374912261963	1086.1446952819824	754.0592575073242	1307.799545288086	691.8768310546875	
90	384.1289176940918	635.1244354248047	574.1897773742676	725.6350841522217	665.1220169067383	750.2469310760498	785.1414489746094	676.9498138427734	968.6277313232422	676.1927509307861	1056.4874114990234	759.9656772613525	1070.9686088562012	753.3098068237305	1296.482162475586	696.8873291015625	
91	373.73920822143555	629.7309417724609	559.7657661437988	719.6551036834717	652.3687210083008	744.8328685760498	769.8949890136719	672.3240203857422	955.3171234130859	674.7913227081299	1041.627914428711	756.9915561676025	1057.7302055358887	748.6982955932617	1278.430160522461	691.584716796875	
92	365.8233451843262	624.2280120849609	546.3948860168457	714.4803600311279	636.7361717224121	741.8461647033691	754.1481742858887	668.2503433227539	941.0447845458984	681.6469135284424	1029.176010131836	759.1776523590088	1044.8002891540527	751.5398025512695	1263.617416381836	690.7975463867188	
93	358.1263847351074	619.2327728271484	534.179126739502	709.6504039764404	624.5985355377197	738.2365074157715	738.4164237976074	671.9654922485352	926.7830047607422	685.8558368682861	1016.0578460693359	760.0848789215088	1032.5847129821777	752.7441482543945	1252.381820678711	690.2369384765625	
94	346.7297477722168	615.1614227294922	522.4035568237305	708.061107635498	613.8987693786621	737.5464210510254	725.6103935241699	677.5698013305664	917.6749649047852	681.8012447357178	1005.3600311279297	757.278787612915	1022.079158782959	750.7553787231445	1242.558822631836	689.4107055664062	
95	338.9119987487793	612.0234222412109	513.8264694213867	703.2606925964355	605.0584983825684	730.3009986877441	714.6130180358887	674.0686416625977	909.6386489868164	676.6964473724365	996.4941864013672	758.57444190979	1012.7563438415527	751.7448196411133	1235.539047241211	691.00634765625	
96	337.5958366394043	606.7483367919922	508.9043197631836	694.2621574401855	599.6185550689697	720.619197845459	705.8467826843262	664.3775405883789	900.7390594482422	674.8679809570312	987.0116539001465	761.4896640777588	1003.2029991149902	754.4179763793945	1230.4036712646484	695.357421875	
97	338.4551811218262	600.2900238037109	501.1158981323242	689.769115447998	591.2613773345947	718.3997764587402	699.2045097351074	658.9434585571289	894.1821937561035	672.6141986846924	980.3950157165527	760.1253452301025	995.5378799438477	752.9211921691895	1224.5860443115234	695.6976928710938	
98	339.2590446472168	595.6616058349609	496.4571762084961	689.4995231628418	585.3879642486572	718.7999839782715	693.2626152038574	662.1230850219727	888.1506767272949	671.7767925262451	976.805549621582	761.3355617523193	992.8784561157227	755.5791511535645	1218.728744506836	695.355224609375	
99	331.3005485534668	597.7818450927734	491.3966598510742	694.8443717956543	580.4969120025635	725.7961387634277	688.8278617858887	667.0741348266602	883.6237182617188	672.8980712890625	974.8492279052734	764.9415798187256	990.3685073852539	759.7295417785645	1215.5164642333984	696.0296630859375	
100	325.3937187194824	600.4645843505859	487.7204818725586	700.6540641784668	573.8744163513184	731.8350563049316	688.6349296569824	671.4617691040039	881.2875366210938	671.2523193359375	972.873119354248	766.2369613647461	988.1305923461914	760.0105476379395	1212.936752319336	697.2933959960938	
101	331.05500411987305	598.0062713623047	494.2593307495117	695.7520866394043	579.3453025817871	727.3656959533691	692.7892265319824	670.2789688110352	881.3202896118164	668.102352142334	975.0782585144043	764.9214706420898	988.88818359375	758.2176132202148	1214.062973022461	695.344482421875	
102	348.3254508972168	591.8505096435547	506.2098617553711	684.7394523620605	591.2149314880371	716.4471168518066	700.6528129577637	661.4412002563477	887.7376480102539	666.8880577087402	979.1113395690918	759.3356552124023	994.5548095703125	752.5905380249023	1213.245834350586	688.3851928710938	
103	368.8349418640137	587.1187591552734	516.829948425293	680.550609588623	602.9293479919434	710.8815650939941	710.9676933288574	655.5831069946289	898.5215835571289	666.0377769470215	989.6623344421387	754.590503692627	1004.0773315429688	749.3638534545898	1222.6810150146484	683.2698364257812	
104	386.3177032470703	588.3059463500977	535.8510665893555	684.1757316589355	621.5344505310059	713.5398902893066	727.2009544372559	658.681806564331	907.8143692016602	666.965633392334	1002.6854667663574	759.751880645752	1018.053955078125	754.4462509155273	1238.2127532958984	683.4232177734375	
105	394.5615463256836	597.2219142913818	548.2863082885742	693.7353630065918	634.4416160583496	723.3202247619629	745.5256004333496	665.7364330291748	921.4507217407227	673.0375328063965	1021.7789115905762	767.0906257629395	1036.228759765625	761.3994369506836	1267.0032806396484	684.8104858398438	
106	403.99620819091797	601.5756740570068	560.4202194213867	702.8944206237793	645.1500930786133	733.3827953338623	764.2259788513184	670.5029125213623	940.8526916503906	673.4964294433594	1045.8321342468262	773.4372444152832	1060.227783203125	769.0387802124023	1293.6465911865234	685.8936767578125	
107	422.9514389038086	602.3198146820068	578.2041549682617	705.8261222839355	661.4114112854004	738.2879428863525	784.4285545349121	670.1492137908936	959.9231262207031	673.6617126464844	1068.0621147155762	774.5105476379395	1082.5588760375977	769.5562019348145	1315.933822631836	681.0885620117188	
108	441.94506072998047	602.3619899749756	596.8220748901367	704.7730827331543	682.8851280212402	736.9059295654297	803.5389060974121	668.1889476776123	982.6595764160156	673.2392272949219	1092.3617973327637	774.046314239502	1108.3108291625977	769.0267219543457	1343.3367767333984	675.1982421875	
109	460.14171600341797	601.4951686859131	615.9503707885742	702.3867301940918	702.7260704040527	732.5465545654297	821.4772605895996	662.5932445526123	1004.3091125488281	668.4706726074219	1113.3395805358887	766.4048957824707	1128.6287002563477	759.8881721496582	1363.1710052490234	667.682861328125	
110	475.7392807006836	600.7230739593506	633.1536178588867	699.4787101745605	720.2928428649902	728.2371673583984	839.4253196716309	658.2764720916748	1025.7563781738281	665.5751647949219	1135.7468070983887	759.842456817627	1151.3053359985352	755.250171661377	1381.7064056396484	658.2142333984375	
111	493.5466728210449	600.5047359466553	653.7697067260742	695.5788078308105	740.949520111084	722.2894744873047	856.4712791442871	654.2529735565186	1045.2322082519531	661.6554870605469	1155.5951957702637	754.8702278137207	1170.9946670532227	748.4661140441895	1403.1231536865234	652.0075073242188	
112	512.4477043151855	597.9560298919678	674.9951095581055	685.8502922058105	762.5128746032715	708.5911102294922	871.6548118591309	648.2026805877686	1059.8606262207031	654.7489929199219	1170.0507621765137	746.6743049621582	1186.3768844604492	739.5938148498535	1418.803207397461	643.0708618164062	
113	530.3485221862793	592.3697872161865	690.0412521362305	679.1395378112793	777.4954795837402	699.5135345458984	881.5456809997559	643.4001293182373	1072.7933654785156	646.3272399902344	1178.0468559265137	732.784107208252	1193.7147750854492	726.3503456115723	1429.544418334961	633.546875	
114	544.8379020690918	586.7823238372803	702.4250411987305	670.5254020690918	791.2082214355469	690.7787246704102	887.9501609802246	639.438398361206	1085.5195617675781	641.4870300292969	1190.8068656921387	726.0657234191895	1206.418716430664	718.3254737854004	1440.655746459961	626.3172607421875	
115	564.2047233581543	576.1420040130615	713.5923385620117	663.4386711120605	801.2358093261719	689.6769180297852	896.2680320739746	634.8760814666748	1095.3587951660156	637.2257995605469	1202.7573051452637	721.0132942199707	1218.021011352539	715.8603515625	1449.493507385254	620.0850067138672	
116	577.9881706237793	565.3006954193115	721.8517379760742	660.3188591003418	805.7995300292969	693.5074234008789	903.9887962341309	624.492353439331	1105.5260314941406	629.0284118652344	1211.2094230651855	712.9787216186523	1226.885025024414	706.1665649414062	1450.2609634399414	608.6854705810547	
117	589.5283317565918	556.279088973999	728.2090377807617	654.3823356628418	812.1698913574219	685.8142471313477	908.5700340270996	604.4802074432373	1118.5469055175781	616.9759216308594	1220.292308807373	698.1543197631836	1236.6717681884766	688.7501564025879	1445.392189025879	594.0058441162109	
118	590.6539421081543	556.0546627044678	729.9955368041992	653.7462882995605	813.8979187011719	685.4426651000977	910.8882713317871	599.1524486541748	1128.4935607910156	612.9781188964844	1226.8175773620605	685.9758529663086	1243.3514556884766	679.7537574768066	1446.228614807129	583.7192230224609	
119	584.7957878112793	565.6585445404053	734.8696823120117	657.9482536315918	815.3796081542969	687.0802383422852	915.5998191833496	604.5864086151123	1131.5683898925781	607.7167663574219	1228.2545890808105	680.7136459350586	1243.4622955322266	672.7244606018066	1450.170753479004	584.1189422607422	
120	576.5944328308105	569.3968868255615	734.838249206543	654.9351921081543	819.9020690917969	681.5041275024414	917.8850975036621	606.0060863494873	1130.829200744629	594.9454917907715	1226.5368156433105	672.9505844116211	1241.9793853759766	664.9527320861816	1454.4601821899414	584.0024261474609	
121	572.3344841003418	567.3656978607178	733.7847213745117	647.3734245300293	822.8135681152344	668.3787002563477	917.3756980895996	600.8447704315186	1133.633644104004	588.2567100524902	1229.054027557373	671.6246566772461	1245.259536743164	664.6294288635254	1459.411361694336	583.5714721679688	
122	567.5739860534668	565.174840927124	731.2053756713867	640.332836151123	823.4559020996094	654.2921524047852	914.2168235778809	599.922529220581	1133.3361587524414	591.497127532959	1231.044994354248	675.5928573608398	1246.779067993164	667.6769752502441	1462.0772552490234	584.4368896484375	
123	564.2390251159668	561.9998531341553	727.5402755737305	638.9483757019043	819.6000671386719	654.6113052368164	912.0842552185059	602.4180126190186	1132.9345474243164	599.2477378845215	1236.2968254089355	684.0190658569336	1252.2838287353516	677.5027198791504	1472.116195678711	589.0760498046875	
124	558.4499626159668	560.6509761810303	722.888298034668	640.619457244873	813.1560974121094	662.9069595336914	909.9782981872559	602.8208446502686	1132.1504211425781	603.8865661621094	1237.8932609558105	688.1927719116211	1253.3731842041016	680.8250465393066	1477.0286712646484	590.049072265625	
125	555.613597869873	556.5121822357178	720.7344284057617	637.1764640808105	808.8169860839844	661.9636611938477	909.2047386169434	596.4543285369873	1128.1423645019531	600.6163024902344	1232.4911613464355	683.0933456420898	1247.949722290039	676.5961647033691	1471.562973022461	588.2240600585938	
126	553.4769401550293	552.4950923919678	718.9664840698242	631.0873527526855	809.0633239746094	653.6108779907227	908.4810447692871	585.3042430877686	1122.2195129394531	594.4583435058594	1223.447093963623	677.3988876342773	1239.4422760009766	670.0479469299316	1459.827865600586	584.7039794921875	
127	548.981761932373	548.2223873138428	714.3313522338867	627.1767692565918	804.0647888183594	651.7516250610352	899.5954246520996	580.209394454956	1113.7588195800781	591.1857604980469	1214.244945526123	673.9019393920898	1229.488784790039	666.8088111877441	1449.3795013427734	583.7259521484375	
128	544.681713104248	544.2431392669678	709.3945846557617	626.078441619873	796.1027526855469	653.0881729125977	889.1290550231934	574.7081127166748	1101.0925598144531	583.0732116699219	1199.7643547058105	669.1029281616211	1214.7584381103516	661.3345680236816	1437.4715423583984	582.7102661132812	
129	537.6049919128418	541.7023677825928	703.7206954956055	620.8984489440918	791.0304870605469	649.1953506469727	880.1209983825684	569.3594188690186	1087.5370178222656	573.2536315917969	1186.940258026123	664.2504501342773	1202.3431549072266	657.5502662658691	1424.005599975586	580.6444702148438	
130	525.3676872253418	540.4947261810303	697.008171081543	617.049144744873	784.9379577636719	642.8514785766602	867.2901268005371	574.5464916229248	1074.0161437988281	572.8941345214844	1173.7574272155762	664.7311897277832	1188.7176666259766	657.6481666564941	1409.8975677490234	580.9337768554688	
131	512.028636932373	536.7875423431396	687.7948532104492	611.5800895690918	777.4815368652344	634.3765640258789	850.9157371520996	580.5142040252686	1058.6304016113281	576.6432800292969	1157.3838920593262	663.8869514465332	1173.7489547729492	656.6090126037598	1394.847885131836	582.3865966796875	
132	498.65632247924805	532.7753963470459	675.565788269043	610.3272819519043	764.0248718261719	633.6255874633789	834.1392478942871	581.8220653533936	1044.6085510253906	578.1237487792969	1139.6895561218262	658.8566780090332	1155.6147994995117	650.7412147521973	1376.103744506836	579.7467041015625	
133	487.0760307312012	527.8172664642334	660.0878829956055	608.716381072998	747.8759460449219	636.2079238891602	814.0150413513184	575.8412914276123	1027.0946350097656	576.9881286621094	1121.2127494812012	654.1624641418457	1136.3826217651367	646.719913482666	1354.768051147461	577.9087524414062	
134	477.88886642456055	521.4079647064209	645.2094650268555	604.4604606628418	730.6176452636719	634.7905654907227	800.0823631286621	567.4009227752686	1007.3884582519531	574.2792663574219	1101.2187309265137	650.9012336730957	1116.3773727416992	644.9843788146973	1335.9495697021484	577.0789794921875	
135	466.0832328796387	516.4263973236084	631.9077072143555	598.8888664245605	717.1757507324219	629.0022964477539	788.4869651794434	561.5610790252686	988.3072814941406	568.0874938964844	1081.8613090515137	651.545093536377	1097.2124366760254	644.5673675537109	1315.1004486083984	575.8447875976562	
136	450.7202262878418	511.822546005249	618.4509201049805	591.1303825378418	704.2756042480469	614.7771377563477	782.4590721130371	555.5139598846436	970.3286437988281	561.0978698730469	1061.8442192077637	647.6492195129395	1076.7640113830566	641.8340911865234	1293.936264038086	573.0070190429688	
137	440.94880294799805	503.545934677124	600.6845016479492	582.1805534362793	689.6532897949219	606.3365859985352	776.4867210388184	549.9714794158936	954.0382385253906	556.3218688964844	1043.0673637390137	644.1519660949707	1058.6780738830566	638.7129364013672	1272.895980834961	564.3645629882812	
138	436.6070671081543	492.20660972595215	585.406852722168	576.462718963623	674.5022888183594	601.4514541625977	767.2547264099121	546.1450634002686	937.5619201660156	555.8361511230469	1025.7082328796387	642.1550178527832	1042.0696754455566	636.7405242919922	1256.061019897461	559.7400512695312	
139	425.6776542663574	486.05829429626465	571.1691818237305	572.4415397644043	660.9882507324219	596.2358169555664	754.9806785583496	542.4932689666748	923.8999328613281	558.7525329589844	1012.1520195007324	640.962818145752	1026.8018760681152	635.1807441711426	1241.6807708740234	558.5745849609375	
140	410.8321342468262	482.6764888763428	555.7389450073242	571.6953239440918	645.574104309082	596.1845512390137	744.6283836364746	537.983320236206	910.1114807128906	569.9080505371094	999.0125541687012	640.588550567627	1014.8202476501465	633.0423774719238	1230.1680755615234	557.5541381835938	
141	394.3934135437012	484.8517208099365	539.2521286010742	579.6811637878418	621.2195510864258	608.5989799499512	730.9014549255371	537.7016124725342	898.1404113769531	576.1785583496094	987.8870887756348	639.0957527160645	1004.4666709899902	631.7768745422363	1219.5218353271484	556.9555053710938	
142	379.7708854675293	485.40082359313965	523.400505065918	584.0407218933105	601.7507019042969	618.6929702758789	718.2709007263184	535.1649913787842	887.5216369628906	570.5540466308594	983.4698524475098	643.1662483215332	997.999813079834	637.2499580383301	1215.082992553711	559.970703125	
143	369.9538993835449	482.9164180755615	513.2814254760742	580.427074432373	588.5777282714844	622.9216690063477	707.8542137145996	531.3048229217529	880.1343078613281	557.9012145996094	977.4254188537598	651.5479011535645	993.3028297424316	646.1100921630859	1212.228256225586	568.9445190429688	
144	354.6463737487793	486.42499351501465	510.29515838623047	575.5329093933105	584.3963317871094	619.2316055297852	697.0140647888184	539.4416332244873	878.2192687988281	541.9706420898438	972.1190605163574	659.731372833252	987.6048927307129	652.9684906005859	1211.5677337646484	576.6407470703125	
145	344.7983207702637	487.4427242279053	512.1782150268555	569.4849967956543	588.4557800292969	610.0002822875977	682.5944480895996	549.1304759979248	873.0325012207031	540.328857421875	970.5023002624512	663.987476348877	986.3953742980957	658.2282066345215	1212.4085540771484	580.7953491210938	
146	339.7087211608887	484.9646968841553	505.4883346557617	569.5811882019043	583.3035583496094	607.4717788696289	673.7694969177246	552.820234298706	864.2644348144531	547.8526306152344	965.5483207702637	662.9348640441895	981.0772590637207	655.2657432556152	1204.5516204833984	578.7965698242188	
147	334.1210708618164	484.3534984588623	498.1364974975586	571.6414909362793	574.9308776855469	608.5625381469727	668.7647438049316	551.3677997589111	858.2000503540039	555.4413414001465	959.3401908874512	654.5733528137207	973.4868049621582	646.2618980407715	1189.2108001708984	567.7896118164062	
148	329.80058670043945	479.88255310058594	489.90306854248047	573.138256072998	566.0004577636719	613.1106948852539	669.4744606018066	536.5864887237549	856.5254287719727	558.828670501709	953.9170951843262	646.9545783996582	969.1159553527832	638.557674407959	1176.785629272461	556.0308837890625	
149	326.0223274230957	477.7687225341797	482.91390228271484	575.3810539245605	552.2553634643555	615.5115795135498	668.8445777893066	531.8033466339111	852.2363662719727	555.6779747009277	949.7973442077637	641.6760749816895	964.3450012207031	634.2982597351074	1175.250717163086	550.9710083007812	
150	318.8145637512207	476.0703582763672	478.99864959716797	571.0402946472168	552.528434753418	610.4235668182373	666.8409156799316	530.2692279815674	850.0286026000977	544.1435508728027	947.1484794616699	636.965747833252	962.4153137207031	631.4276542663574	1173.655044555664	550.4188079833984	
151	317.5385322570801	470.6390838623047	479.93187713623047	563.1539421081543	557.6762619018555	600.6973705291748	667.3658180236816	524.9851093292236	853.2576065063477	527.5915489196777	945.0862846374512	633.550464630127	960.9294738769531	627.8273124694824	1178.346206665039	552.9741668701172	
152	311.9876899719238	469.55467224121094	481.8663558959961	560.5926628112793	562.471061706543	594.9570140838623	669.6624412536621	518.9712047576904	857.9347305297852	515.2315635681152	944.4503593444824	630.2545051574707	960.5723686218262	625.0920944213867	1183.7398529052734	557.2584209442139	
153	318.7028388977051	468.01573181152344	491.32259368896484	558.225902557373	571.4005661010742	589.8403148651123	680.6170921325684	511.0252208709717	860.3174819946289	513.448055267334	948.1528739929199	625.8758430480957	962.8805160522461	619.0978775024414	1187.0909271240234	552.3861064910889	
154	337.3389778137207	463.66270446777344	496.6251449584961	559.3042106628418	575.8095016479492	590.8496532440186	691.2014427185059	504.63197135925293	865.4156799316406	524.056640625	957.1561088562012	623.4045906066895	973.2235336303711	616.7267227172852	1190.600082397461	544.6001567840576	
155	358.4194221496582	459.3317108154297	501.50133514404297	560.869213104248	581.8742370605469	589.9869747161865	706.9027366638184	495.02784538269043	878.3578186035156	530.4708862304688	971.0527153015137	619.3384284973145	987.0034408569336	614.2151260375977	1199.611801147461	535.0532207489014	
156	376.15507888793945	458.5155487060547	516.189323425293	558.858715057373	600.6553649902344	586.4835567474365	724.4808006286621	483.38761711120605	896.7900695800781	529.6206665039062	988.8658256530762	619.2480354309082	1004.0370864868164	612.768482208252	1215.586166381836	528.9072246551514	
157	396.8137092590332	456.6637420654297	533.6957931518555	555.4399528503418	620.5944747924805	582.2359428405762	742.9798240661621	477.3682689666748	918.8454895019531	526.54052734375	1013.0160942077637	619.3238410949707	1028.0097427368164	612.1357917785645	1236.505355834961	526.7040996551514	
158	420.81192779541016	452.7833080291748	558.371940612793	551.3659782409668	646.1137619018555	575.8414726257324	762.1525535583496	474.1547679901123	942.5713195800781	521.2299194335938	1038.9113578796387	620.1562385559082	1054.118751525879	612.153980255127	1263.178207397461	523.9490947723389	
159	447.4021682739258	446.31507682800293	588.1929244995117	538.9111442565918	675.8157005310059	562.2230567932129	777.7997703552246	477.4328441619873	968.3063049316406	515.8524780273438	1068.6858940124512	620.9804573059082	1083.1383438110352	613.1629524230957	1292.2918548583984	522.5202007293701	
160	464.8598403930664	442.2085704803467	608.640495300293	531.4660758972168	696.7037620544434	553.9662818908691	791.3130760192871	481.68531608581543	993.5665588378906	515.6804809570312	1097.8165092468262	622.4208869934082	1111.8570938110352	614.2838020324707	1326.5867767333984	521.6715068817139	
161	479.7383499145508	442.3832836151123	627.6689376831055	527.6190299987793	716.8825340270996	550.1317481994629	804.1609153747559	486.15516471862793	1016.6238098144531	515.283935546875	1121.1771049499512	617.7166633605957	1136.0056533813477	611.9560432434082	1351.719467163086	516.6403179168701	
162	490.04715728759766	442.8929271697998	644.0862350463867	523.3536491394043	734.9350242614746	544.8234596252441	816.1972312927246	489.21571159362793	1039.3977355957031	520.2481689453125	1140.0701713562012	610.0917854309082	1155.3591690063477	602.3688850402832	1367.578598022461	506.1802043914795	
163	498.27185821533203	444.54313468933105	655.1427536010742	523.877513885498	746.3180198669434	545.7214698791504	829.5465354919434	488.62443351745605	1059.3126525878906	521.8611450195312	1159.9015922546387	604.5080451965332	1175.4415664672852	598.399585723877	1381.3436126708984	496.491849899292	
164	514.9492263793945	444.5592784881592	668.5485763549805	529.3802604675293	754.8251609802246	555.5755958557129	844.7982444763184	484.4589672088623	1077.3220520019531	521.9116821289062	1178.4106254577637	600.4091682434082	1192.4656143188477	593.9670295715332	1399.5179290771484	492.7178325653076	
165	533.7175369262695	445.16386222839355	680.923454284668	534.6551628112793	760.2602806091309	566.1723976135254	860.1130027770996	473.70524406433105	1090.9393615722656	520.0563354492188	1191.3574028015137	597.3458137512207	1206.9175186157227	591.4125862121582	1413.421615600586	488.36788749694824	
166	546.7885246276855	448.90497398376465	698.246696472168	537.9559440612793	776.0479621887207	570.2525424957275	877.7127952575684	460.42558097839355	1103.4030418395996	514.0999221801758	1204.2308158874512	596.0136604309082	1220.5016250610352	589.3333625793457	1424.3677825927734	483.8251323699951	
167	566.4951286315918	451.547155380249	721.1852951049805	533.0715446472168	800.8690071105957	564.0428867340088	894.1640892028809	459.1431407928467	1114.2582092285156	506.66869926452637	1217.4722709655762	592.1927375793457	1232.7978897094727	586.4531745910645	1441.498031616211	484.5102825164795	
168	581.450023651123	454.14655113220215	745.8219528198242	520.3998527526855	831.9557151794434	546.232759475708	909.1162986755371	462.23109245300293	1125.2970275878906	493.006498336792	1230.7381401062012	592.5940437316895	1246.4560928344727	585.190601348877	1456.6412200927734	484.4049663543701	
169	597.244457244873	454.8066463470459	770.067497253418	510.53535079956055	859.8020629882812	526.1428890228271	923.3883934020996	471.5639171600342	1136.3528137207031	485.75256156921387	1243.4124565124512	592.733081817627	1258.2543106079102	584.5252571105957	1464.6700286865234	482.20471000671387	
170	617.1757316589355	452.880651473999	786.2453536987305	509.5742301940918	874.7802124023438	522.2538509368896	939.5336570739746	474.9197521209717	1144.5176086425781	487.700834274292	1251.2735404968262	588.666919708252	1266.4432754516602	582.3030891418457	1469.2347259521484	477.51766777038574	
171	639.5669059753418	447.6075801849365	802.106559753418	510.8639030456543	887.960693359375	529.6127376556396	957.0506248474121	468.99098014831543	1157.5233459472656	500.02059745788574	1256.8367729187012	581.7247200012207	1272.560302734375	573.7634506225586	1469.3460540771484	471.1676616668701	
172	658.506175994873	442.29059410095215	817.3904342651367	509.71003341674805	897.3329124450684	531.6217060089111	973.7687644958496	453.0827159881592	1165.1673889160156	505.24703788757324	1258.7177543640137	569.967945098877	1274.334228515625	563.8132247924805	1469.631088256836	463.78368949890137	
173	666.330394744873	438.2008419036865	826.365104675293	504.9421195983887	906.9692649841309	526.4818134307861	990.7746849060059	431.54652214050293	1160.0765686035156	491.97204399108887	1254.0958061218262	555.160572052002	1270.16552734375	547.9366989135742	1472.1736907958984	458.64660453796387	
174	670.6632804870605	432.2785701751709	833.5234909057617	493.8101615905762	917.2978782653809	510.91980171203613	998.3993797302246	417.2460460662842	1158.7375793457031	475.0969524383545	1254.0424613952637	546.032398223877	1270.0581436157227	540.1413459777832	1477.097152709961	453.846586227417	
175	673.2724723815918	423.66852378845215	838.2167892456055	478.0177116394043	921.9010276794434	491.76977729797363	999.4686546325684	407.8726329803467	1159.4303283691406	463.6317729949951	1258.1572074890137	545.0920906066895	1273.5453262329102	538.1114387512207	1478.6951751708984	447.95422172546387	
176	666.5418815612793	419.2096309661865	835.6160202026367	467.1536064147949	921.8412132263184	478.1161823272705	996.5617332458496	402.61088371276855	1161.4480285644531	457.55355644226074	1263.2980766296387	542.3411750793457	1278.975830078125	535.9426193237305	1478.315902709961	440.70385551452637	
177	657.3601188659668	413.6813716888428	829.6951217651367	463.8776054382324	915.8693695068359	474.73450469970703	991.7899436950684	398.79728507995605	1165.4277648925781	455.51147270202637	1266.5899467468262	539.6163215637207	1283.3399658203125	534.063835144043	1479.6756439208984	435.14571952819824	
178	650.0588493347168	407.3488521575928	818.6614303588867	464.53791427612305	902.3467864990234	480.3078079223633	983.0366477966309	397.5879650115967	1168.1312561035156	457.1858196258545	1265.5717582702637	536.4284553527832	1280.8358154296875	530.3501510620117	1477.740951538086	431.396146774292	
179	635.9281730651855	401.81036949157715	800.0759201049805	468.1438102722168	879.6406707763672	491.28421783447266	968.4286155700684	395.26933097839355	1166.6479797363281	459.018217086792	1257.3119621276855	530.4683151245117	1273.0294189453125	523.991813659668	1470.4515228271484	427.5447063446045	
180	620.503490447998	398.623815536499	782.1175727844238	466.72364616394043	860.0717391967773	493.9236011505127	953.7879905700684	392.2338390350342	1160.7374572753906	462.47799491882324	1243.9394035339355	524.6621627807617	1258.5350341796875	517.8366622924805	1459.627182006836	424.98531913757324	
181	601.5363273620605	394.994665145874	764.1970405578613	461.53202629089355	844.2333602905273	489.3422107696533	935.0834007263184	392.28190422058105	1149.4544296264648	462.0766658782959	1230.4699211120605	519.8159713745117	1245.5078125	514.393424987793	1449.1304779052734	424.21505546569824	
182	581.426097869873	391.83856773376465	745.3118209838867	455.05341720581055	828.6436996459961	479.11412239074707	911.3087425231934	398.4630870819092	1135.6525497436523	457.764684677124	1212.1452140808105	515.3456954956055	1227.5028076171875	508.62071990966797	1432.048080444336	421.3655376434326	
183	564.9013786315918	389.5568599700928	732.4390182495117	450.6281852722168	816.5611801147461	469.70457649230957	885.5130882263184	408.25016593933105	1124.0894393920898	458.2263240814209	1193.788890838623	509.6900863647461	1209.713623046875	503.58699798583984	1413.384994506836	418.18786430358887	
184	549.6508293151855	385.05560874938965	716.3223190307617	449.0850639343262	800.7245101928711	467.8031177520752	868.8036155700684	411.8260326385498	1109.5288925170898	456.5877437591553	1179.8317680358887	508.2022895812988	1194.4127197265625	501.68175506591797	1396.177230834961	417.0270366668701	
185	535.8584098815918	379.72028160095215	700.2332077026367	447.1576957702637	785.0284042358398	466.62166023254395	856.0438499450684	408.4688243865967	1086.5071640014648	447.9333553314209	1163.2941703796387	504.4901313781738	1178.7861709594727	499.7259407043457	1377.7453727722168	411.6069164276123	
186	522.281078338623	375.1180782318115	682.6601486206055	446.7331352233887	768.3426132202148	466.6650867462158	848.5544166564941	399.9826374053955	1064.1832542419434	429.98733139038086	1148.5755424499512	505.5233345031738	1163.8841934204102	499.46928787231445	1357.7566032409668	405.6359386444092	
187	509.3068962097168	370.7043514251709	668.8379440307617	446.24287033081055	754.8401947021484	465.7715816497803	842.6582984924316	389.2692584991455	1050.8626976013184	412.8141441345215	1138.0081596374512	510.81413650512695	1153.5560684204102	504.8083686828613	1347.8685417175293	407.72038078308105	
188	499.0032768249512	368.50494956970215	657.603385925293	443.4347953796387	744.6523017883301	463.47877502441406	836.3166847229004	376.33545112609863	1037.9023704528809	410.04369735717773	1125.0657768249512	511.8499336242676	1140.4968452453613	504.8453712463379	1341.5874137878418	412.8784008026123	
189	489.8022880554199	363.60260581970215	646.4885177612305	441.7712821960449	730.8568305969238	463.86415100097656	829.4529762268066	368.07763862609863	1023.8926048278809	404.95376205444336	1107.3056449890137	509.5858039855957	1123.0726509094238	503.71493911743164	1329.6185417175293	414.83659172058105	
190	483.5953788757324	358.24091148376465	635.9775924682617	437.3573417663574	721.2390937805176	461.2741241455078	821.4758033752441	366.64550971984863	1011.3432350158691	403.8730697631836	1094.0593070983887	507.0546760559082	1109.027988433838	501.88426208496094	1316.9690055847168	416.2813243865967	
191	477.0149955749512	349.021032333374	627.1655197143555	428.75129318237305	712.9546089172363	454.54212951660156	811.1811790466309	371.7809581756592	998.1557960510254	410.6583786010742	1080.5286674499512	506.2025337219238	1096.022861480713	500.51646423339844	1307.2984733581543	418.0351085662842	
192	468.5322380065918	340.3146114349365	613.4568405151367	424.6135673522949	699.6367988586426	453.20021057128906	796.4891624450684	381.1846752166748	985.6031150817871	420.906795501709	1068.2525444030762	505.8518257141113	1083.584629058838	499.8076629638672	1294.8377799987793	418.5748119354248	
193	456.16569900512695	337.12163162231445	596.8640670776367	423.05939865112305	683.8423042297363	452.7847442626953	780.9208030700684	385.70365715026855	974.7826194763184	423.64883041381836	1055.7891654968262	505.7845649719238	1071.9316139221191	499.01353454589844	1280.6685905456543	418.93116569519043	
194	437.52519607543945	338.1730537414551	582.4896774291992	422.33991622924805	669.6351509094238	453.07191467285156	766.4341697692871	388.7003002166748	963.9214744567871	423.901424407959	1044.5978813171387	506.0444221496582	1060.9389381408691	498.5666961669922	1270.8192253112793	420.29105949401855	
195	408.38054275512695	343.6965522766113	564.9659957885742	423.9573173522949	655.8169136047363	452.85743713378906	755.0411033630371	388.8491954803467	950.8236351013184	423.794979095459	1030.9684867858887	505.69914627075195	1046.6762428283691	499.06248474121094	1258.2423210144043	421.85340690612793	
196	387.9012641906738	346.5811653137207	550.799186706543	427.0321464538574	643.7547798156738	454.44703674316406	745.7575950622559	388.1763439178467	933.1651268005371	422.921443939209	1013.3556327819824	506.2213325500488	1029.2018775939941	498.76805114746094	1242.382656097412	424.1399517059326	
197	370.73540115356445	348.0174751281738	537.289176940918	427.7038993835449	631.5857734680176	455.5819854736328	737.6472434997559	383.5930919647217	913.5123558044434	420.0294761657715	993.1045341491699	505.8535346984863	1009.5872535705566	499.0797576904297	1224.9298973083496	425.38754081726074	
198	348.8153877258301	348.75297927856445	518.2228927612305	431.3786430358887	615.5634956359863	459.0183868408203	723.3516502380371	382.1220226287842	891.5952415466309	414.2002830505371	970.3407402038574	504.5172004699707	987.0306129455566	497.1948699951172	1204.995693206787	427.65588188171387	
199	336.4344902038574	347.4048500061035	502.2389144897461	431.2365531921387	596.7014579772949	460.27194595336914	706.7633323669434	382.5883617401123	871.4900169372559	408.654109954834	949.5436820983887	502.0757942199707	965.4001197814941	495.54380798339844	1186.0429344177246	429.0972270965576	
200	322.48493576049805	343.41476821899414	486.39110565185547	432.11970138549805	576.6959648132324	464.88721084594727	686.8875999450684	382.2479076385498	853.4842185974121	399.5179100036621	928.6540336608887	499.6095771789551	944.3045387268066	494.2019500732422	1167.144130706787	429.6394329071045	
201	311.78779220581055	340.97531509399414	471.34777069091797	432.5414848327637	557.5483818054199	468.9660987854004	673.8460960388184	375.3711986541748	836.0909690856934	390.11245346069336	908.7145805358887	499.2492866516113	924.5343971252441	492.54563903808594	1148.031093597412	431.72411918640137	
202	304.9679069519043	338.039981842041	465.38179779052734	428.45844650268555	549.6340141296387	464.1405372619629	662.9128074645996	375.43202018737793	820.7636985778809	389.4814109802246	893.5630912780762	498.6109504699707	908.8790626525879	492.0223846435547	1132.2243309020996	432.28820610046387	
203	300.72053146362305	333.21619033813477	464.02208709716797	420.23444747924805	548.7386894226074	455.70019912719727	646.7503929138184	381.3338451385498	805.9719505310059	401.8750877380371	880.9632377624512	498.0599250793457	897.6069068908691	490.7769012451172	1118.1247215270996	431.19567680358887	
204	296.9264335632324	330.22546768188477	463.37923431396484	413.64338302612305	552.3515434265137	444.470401763916	628.2410545349121	391.3639659881592	794.7494773864746	413.89794540405273	872.1993217468262	494.5096626281738	887.6384620666504	489.08274841308594	1107.7956199645996	429.24545097351074	
205	296.3614311218262	327.0328712463379	460.51012420654297	411.5503349304199	548.7095146179199	439.57980728149414	617.7762107849121	394.81730461120605	785.4364280700684	413.771297454834	862.1470146179199	488.4583320617676	878.5239601135254	481.14488220214844	1098.840419769287	427.9091167449951	
206	296.74909591674805	323.14279556274414	454.19002532958984	412.4823112487793	539.694408416748	444.34677505493164	612.8185081481934	393.76417350769043	777.6438255310059	415.903621673584	855.201732635498	483.20018768310547	871.5010719299316	476.8373260498047	1092.3791160583496	426.9819927215576	
207	301.5155143737793	319.3660316467285	447.28099822998047	414.42817306518555	525.321361541748	450.680606842041	615.5558738708496	383.7405834197998	772.3174705505371	416.272762298584	853.2848014831543	481.07555389404297	869.0612754821777	475.55376052856445	1089.162441253662	426.4375591278076	
208	305.7680778503418	318.653995513916	451.9941940307617	411.5297966003418	530.3055305480957	448.9707775115967	622.4032249450684	376.70084953308105	773.7093162536621	405.199031829834	855.9764518737793	476.9107894897461	871.537166595459	471.58403396606445	1094.3747215270996	426.604398727417	
209	315.7402153015137	316.4541358947754	465.06945037841797	405.0485649108887	545.4053840637207	439.3481273651123	629.0737571716309	374.8155345916748	792.0896873474121	389.01565170288086	868.9319877624512	481.7534065246582	884.207576751709	474.5596809387207	1110.127529144287	431.01229667663574	
210	326.17621994018555	314.9510841369629	480.8142623901367	396.0863151550293	568.2078437805176	425.97123527526855	640.5769309997559	373.88819694519043	815.4280662536621	371.68484115600586	885.4198417663574	483.4819221496582	900.7845420837402	477.26543045043945	1126.764980316162	431.79598808288574	
211	340.3265190124512	314.24756240844727	501.8378219604492	389.88178634643555	593.2170600891113	414.60804557800293	657.8002586364746	371.02250480651855	837.5750389099121	366.31057357788086	908.2778739929199	483.35356521606445	924.9823341369629	477.71958923339844	1147.3244285583496	429.6907329559326	
212	362.0749320983887	310.37497329711914	526.1193771362305	384.4471855163574	619.2569999694824	402.19104194641113	678.3269309997559	367.2770824432373	858.4250755310059	378.6793785095215	938.2675590515137	482.8189888000488	954.2992095947266	477.100341796875	1174.7428092956543	424.7488269805908	
213	386.95783615112305	308.32602310180664	548.020866394043	383.3834037780762	641.0261650085449	402.8528461456299	703.7181053161621	359.81666374206543	884.7270164489746	404.629207611084	971.1849174499512	481.1598701477051	987.1302871704102	474.45196533203125	1207.4096794128418	420.0595874786377	
214	414.3614311218262	305.48459243774414	568.7728805541992	385.1210136413574	657.7112236022949	411.36465644836426	735.5521507263184	349.8931407928467	925.2257347106934	416.94482040405273	1004.0076713562012	474.56560134887695	1020.4427108764648	468.60909271240234	1239.7186393737793	411.5105152130127	
215	444.21393966674805	304.32822036743164	595.1379928588867	384.80158615112305	679.7013359069824	415.65905952453613	771.0386009216309	334.31840324401855	965.4902610778809	423.6347007751465	1040.2621879577637	468.69731521606445	1055.1270942687988	462.62954330444336	1274.4322624206543	402.8000659942627	
216	472.3799247741699	301.99890518188477	625.1147384643555	380.8236198425293	712.2955741882324	409.63049507141113	802.0973167419434	321.7686290740967	994.9221458435059	418.25063705444336	1076.0157279968262	465.74834060668945	1090.7286071777344	460.91811752319336	1311.5294303894043	397.8902759552002	
217	500.5391654968262	301.272403717041	657.4863815307617	373.8892021179199	747.6956596374512	398.48843574523926	832.2611351013184	313.10767936706543	1025.8261985778809	402.685604095459	1111.4826469421387	464.1228828430176	1125.8671875	458.9936180114746	1344.4041862487793	392.1998462677002	
218	526.050853729248	297.8470802307129	690.6758346557617	363.44050216674805	783.5780792236328	380.7543888092041	857.8940696716309	306.42362785339355	1056.9717063903809	376.3983726501465	1147.1825981140137	463.5046577453613	1160.8768310546875	458.515193939209	1375.5349235534668	385.20405769348145	
219	547.9340934753418	298.00525283813477	717.3600997924805	354.3945426940918	811.7619781494141	365.720911026001	878.2456932067871	307.03715324401855	1086.6223411560059	353.47204208374023	1177.5095024108887	461.9310493469238	1191.3128662109375	457.04455184936523	1405.369472503662	381.4446086883545	
220	567.3521842956543	295.932071685791	735.5325241088867	352.2376518249512	830.7421417236328	361.3474369049072	895.0359764099121	308.07511711120605	1107.1043968200684	349.17101669311523	1202.1307182312012	457.3185920715332	1215.3361511230469	451.911190032959	1426.332118988037	375.84847831726074	
221	585.7907829284668	294.9075050354004	753.0513229370117	352.5249137878418	846.1381378173828	364.726526260376	912.5767478942871	306.7078685760498	1124.9065208435059	351.16161727905273	1218.2919731140137	448.75896072387695	1232.4963569641113	444.4269676208496	1440.4193992614746	367.54537773132324	
222	608.275218963623	289.3058204650879	766.414176940918	355.1365165710449	854.9841079711914	375.29010009765625	931.9387474060059	296.99537467956543	1144.4131126403809	364.8163414001465	1231.5784721374512	439.2214546203613	1246.4366073608398	433.59838104248047	1448.2702293395996	355.7939739227295	
223	625.679271697998	284.60132217407227	785.0012741088867	349.8298149108887	873.5757827758789	370.5382080078125	953.2420921325684	281.64538383483887	1158.2892112731934	369.641902923584	1237.5215873718262	427.0027656555176	1252.620460510254	421.16729736328125	1457.0214920043945	345.51313400268555	
224	636.852611541748	282.155460357666	797.2699508666992	345.3502311706543	887.3713760375977	363.42218017578125	965.6314353942871	273.697660446167	1160.5916366577148	362.09457778930664	1237.6324272155762	414.1650581359863	1253.439308166504	408.9414367675781	1458.1440505981445	332.5881156921387	
225	643.3534660339355	278.6362953186035	806.6348190307617	339.7489433288574	896.8569717407227	355.80059814453125	973.2265281677246	272.48730278015137	1159.3297958374023	349.92905044555664	1237.6180229187012	405.10893630981445	1253.2206802368164	401.10186767578125	1453.975959777832	316.5650444030762	
226	648.1647453308105	276.80661392211914	815.4519577026367	332.1896781921387	905.8216934204102	345.2386779785156	976.7415428161621	272.34435844421387	1149.3682479858398	334.69275283813477	1232.9487113952637	393.8232612609863	1249.077163696289	388.9378356933594	1451.2704849243164	304.2404727935791	
227	647.6682243347168	273.8562660217285	817.8837814331055	325.9598808288574	909.0327529907227	336.1806640625	977.8716087341309	273.24996757507324	1141.0657577514648	313.0168800354004	1226.8445854187012	386.4965705871582	1241.7479400634766	381.2898254394531	1448.1344985961914	297.0743045806885	
228	645.773998260498	270.62829971313477	816.1044235229492	323.9670829772949	907.1624526977539	334.333984375	976.3398094177246	271.51147270202637	1135.6831893920898	288.15698623657227	1224.1397514343262	381.7310676574707	1241.3601379394531	376.73456954956055	1448.207862854004	297.3750858306885	
229	645.9142570495605	265.85422134399414	811.1628341674805	322.5044364929199	901.9293594360352	334.6123962402344	974.7279930114746	263.60531425476074	1131.6164779663086	271.6582279205322	1217.7761039733887	376.6541328430176	1234.2554016113281	370.5843925476074	1448.0676040649414	299.5262393951416	
230	643.7255363464355	260.84668350219727	802.4108810424805	322.53376388549805	892.3492813110352	339.6206970214844	972.2945213317871	252.48475456237793	1125.8423080444336	263.2347660064697	1212.3067436218262	371.81584548950195	1227.8791427612305	366.02540588378906	1446.913917541504	303.2215518951416	
231	636.6806144714355	256.709903717041	793.720329284668	320.0261650085449	881.9827651977539	340.22955322265625	964.5912132263184	246.64575004577637	1119.768455505371	262.6449222564697	1205.3991508483887	372.1805305480957	1222.769889831543	365.63172912597656	1447.8224868774414	308.2681522369385	
232	627.4322624206543	253.62477493286133	784.6537399291992	316.94623947143555	871.7917861938477	337.9944152832031	952.7782859802246	245.95942497253418	1112.843894958496	274.2610111236572	1197.9742240905762	372.0428352355957	1214.7180099487305	366.1994171142578	1439.652687072754	309.8690128326416	
233	615.5270500183105	252.52553176879883	772.3672065734863	316.5091381072998	858.4708633422852	338.1319274902344	939.3536033630371	251.9103832244873	1108.0093002319336	295.08721351623535	1190.6193656921387	373.0176582336426	1206.215202331543	367.2572784423828	1423.4513931274414	311.4190311431885	
234	599.7880363464355	250.82527542114258	757.0317916870117	314.17988204956055	844.4398574829102	337.31890869140625	921.1516990661621	262.02038383483887	1096.7854232788086	301.7362003326416	1178.5644340515137	374.69438552856445	1194.421989440918	369.2012481689453	1412.8752212524414	314.9245853424072	
235	581.375316619873	252.01884841918945	742.5627365112305	312.7450370788574	830.2733535766602	333.1715393066406	901.5275535583496	270.06518363952637	1084.008689880371	306.4383487701416	1165.3801078796387	380.00175857543945	1180.6246643066406	374.60480880737305	1397.3866958618164	320.76433753967285	
236	560.6427726745605	254.96246719360352	728.9446334838867	312.7681694030762	818.0845718383789	330.55889892578125	884.7674827575684	275.1669292449951	1070.747703552246	308.809778213501	1153.2407035827637	385.6732368469238	1168.5522766113281	380.7566032409668	1381.280605316162	326.9102249145508	
237	543.6790885925293	257.5111427307129	711.197868347168	319.5666313171387	796.7663955688477	340.41448974609375	868.9557151794434	278.29476737976074	1057.914939880371	306.9566593170166	1141.0554008483887	389.6706123352051	1156.9678039550781	382.4575614929199	1373.5019187927246	332.96683502197266	
238	532.4232902526855	256.0454750061035	685.9417037963867	329.53254318237305	767.1568984985352	355.0815734863281	859.1692771911621	268.74096488952637	1044.838035583496	298.696008682251	1126.9478569030762	391.0307502746582	1142.366569519043	384.7945098876953	1357.4645652770996	337.1128616333008	
239	524.6215324401855	251.97090530395508	670.4644088745117	330.4835624694824	744.1590347290039	357.0907897949219	856.3824119567871	253.6263256072998	1033.2207260131836	297.9637699127197	1116.9954643249512	397.8823127746582	1132.2365646362305	392.61183166503906	1342.651943206787	340.46887969970703	
240	517.989818572998	250.57977676391602	665.0277290344238	325.48768424987793	740.0266227722168	354.9101371765137	844.6540794372559	255.14588737487793	1023.1283760070801	312.78271675109863	1110.1659965515137	403.95500564575195	1124.2417297363281	399.2806816101074	1337.0425491333008	343.99838066101074	
241	504.9675102233887	246.9317970275879	665.3808174133301	309.0440196990967	744.2252922058105	341.5887260437012	831.9441184997559	260.7775249481201	1013.1268501281738	319.5785846710205	1098.9216117858887	403.6655158996582	1114.2156066894531	397.7274589538574	1317.1563186645508	338.9824810028076	
242	497.5341911315918	243.05681228637695	665.2367744445801	294.8996410369873	745.3966178894043	327.1031913757324	824.6554832458496	260.0230083465576	1001.9150581359863	316.00354194641113	1087.1548881530762	398.65446853637695	1101.8701286315918	393.32326889038086	1303.5587844848633	328.54137992858887	
243	495.0314750671387	233.83615493774414	648.8612594604492	296.6330986022949	731.4032096862793	327.02705001831055	819.2046775817871	251.52294731140137	991.4830513000488	307.9125690460205	1074.6690483093262	393.16374588012695	1091.0759391784668	387.130672454834	1303.2726516723633	318.8484477996826	
244	492.4816093444824	226.5629005432129	644.260856628418	287.6701469421387	731.471263885498	315.3088493347168	817.5442161560059	240.7436351776123	980.4211006164551	301.72683906555176	1062.4454154968262	385.5401802062988	1077.4901237487793	379.0468406677246	1297.8282089233398	311.93399810791016	
245	487.6332206726074	218.91179275512695	633.7466354370117	286.49885177612305	720.5060768127441	314.4079875946045	813.1358909606934	237.72221183776855	972.2043037414551	295.75634956359863	1053.5325736999512	379.9540596008301	1069.4102897644043	374.612606048584	1291.2340927124023	308.37610626220703	
246	483.0186882019043	214.91704177856445	622.9042892456055	287.35505294799805	708.5533180236816	314.3222942352295	807.7693138122559	235.68144035339355	967.0888862609863	292.56543159484863	1049.2675590515137	377.0779914855957	1065.2263412475586	372.03031158447266	1293.4947128295898	307.7023391723633	
247	479.8226432800293	210.46033096313477	622.508415222168	282.41369247436523	709.2104225158691	307.82800102233887	808.2344627380371	228.51872062683105	964.5283393859863	286.47827339172363	1045.6168022155762	370.34318923950195	1061.517478942871	363.45532989501953	1296.2342147827148	305.00907135009766	
248	475.5265922546387	205.77417373657227	616.7904586791992	278.00710678100586	704.8487281799316	302.83642387390137	806.3062400817871	218.61999320983887	960.4601631164551	280.61331367492676	1043.2868461608887	370.8482246398926	1058.617820739746	364.4114456176758	1290.0652694702148	300.5082473754883	
249	471.1317253112793	202.1708106994629	611.6056442260742	274.6095542907715	700.2093238830566	298.74950981140137	802.5162620544434	214.25143241882324	959.5355415344238	275.49658393859863	1044.2431449890137	375.2461738586426	1059.2346229553223	368.2347297668457	1292.3335800170898	301.8885269165039	
250	458.7358818054199	204.72095108032227	606.307487487793	279.458553314209	694.7541236877441	300.9020366668701	797.9768943786621	216.922269821167	955.7852363586426	273.19909858703613	1042.7342338562012	371.66325759887695	1057.8366737365723	366.9130439758301	1296.9428329467773	306.80802154541016	
251	437.1200065612793	211.53322219848633	592.8170700073242	285.5601005554199	684.4082374572754	307.789457321167	792.9563255310059	222.79235649108887	950.1436958312988	269.767671585083	1039.2649955749512	371.3502082824707	1055.1504096984863	366.00207901000977	1301.9796981811523	314.85889434814453	
252	429.0475273132324	209.87970352172852	589.1926193237305	284.4524345397949	679.214916229248	306.92554664611816	787.3272972106934	223.84811210632324	946.4184761047363	264.7675189971924	1036.0125541687012	367.4561958312988	1051.1180610656738	361.07150650024414	1309.8011093139648	315.2818069458008	
253	436.6247978210449	204.90861892700195	589.7526779174805	279.871883392334	679.7896347045898	302.3081912994385	782.9617576599121	222.52155876159668	944.2002143859863	256.914400100708	1029.5756645202637	359.4739875793457	1044.851318359375	352.17054748535156	1300.8979110717773	308.5808792114258	
254	454.7774467468262	195.18579483032227	590.3079147338867	274.7520408630371	681.3031120300293	292.8376865386963	782.0544700622559	214.256986618042	941.5676460266113	249.96990203857422	1027.5042533874512	351.9660224914551	1043.1197509765625	345.4561309814453	1289.0874862670898	296.6414260864258	
255	470.3105888366699	182.88826370239258	594.7950973510742	263.4515037536621	689.5685539245605	280.2962894439697	778.8258934020996	204.582914352417	940.8921089172363	244.75377655029297	1026.5206108093262	345.7095527648926	1041.755126953125	339.4458770751953	1290.4833602905273	290.36280059814453	
256	468.60651779174805	184.66157913208008	602.5216598510742	256.5539207458496	698.4383888244629	268.94067001342773	774.7773704528809	202.87806510925293	940.5267524719238	238.15670013427734	1023.0905570983887	336.5296821594238	1038.906494140625	330.7531280517578	1287.3123397827148	288.3053970336914	
257	473.4139823913574	187.79816055297852	612.4302291870117	255.91617965698242	705.3058204650879	266.5500144958496	774.3410301208496	208.05900382995605	944.1904487609863	232.35308074951172	1023.7433891296387	328.2414436340332	1039.895751953125	322.6299591064453	1282.3695907592773	283.25330352783203	
258	486.66559982299805	185.14027786254883	620.7993087768555	255.8621482849121	714.3699073791504	266.54430770874023	782.2807273864746	207.10113334655762	951.1193428039551	228.57714080810547	1029.1022758483887	318.9854621887207	1044.4366607666016	314.4957580566406	1282.4707870483398	275.6288833618164	
259	502.4500541687012	180.48352432250977	635.3829879760742	251.3296775817871	729.1086158752441	261.3673973083496	798.9070701599121	199.2449779510498	958.2571601867676	224.31749725341797	1033.3475151062012	313.08012771606445	1048.2684478759766	306.4512023925781	1283.0625839233398	263.50345611572266	
260	516.2086906433105	179.67757034301758	647.1808395385742	246.92034530639648	742.4463844299316	256.77843856811523	819.0546531677246	187.64686393737793	965.1516304016113	223.96031951904297	1041.1382865905762	310.5600471496582	1056.645523071289	305.6379089355469	1282.8218727111816	252.6685085296631	
261	530.9920768737793	182.7125129699707	666.0396041870117	247.58466720581055	757.7639503479004	256.19909286499023	836.2862205505371	182.24548149108887	975.0779609680176	229.67571258544922	1052.0025444030762	310.5854072570801	1067.6375885009766	304.65472412109375	1288.2565650939941	249.13547325134277	
262	543.5211296081543	185.7262306213379	680.0248947143555	249.54377365112305	770.2676124572754	259.8140525817871	852.9912986755371	178.81271171569824	985.4998970031738	231.6919174194336	1063.0386772155762	308.7005805969238	1078.8806114196777	303.0761375427246	1301.3698463439941	249.40172386169434	
263	547.9079093933105	191.88920974731445	692.635856628418	252.83538436889648	781.9960670471191	263.73791122436523	871.9324607849121	179.22607231140137	992.8871040344238	231.9498519897461	1074.2728080749512	309.72282791137695	1090.0445518493652	303.77660751342773	1322.3512916564941	258.00617027282715	
264	559.7680168151855	194.79486465454102	710.3202438354492	253.03910446166992	799.5345191955566	263.4207420349121	889.7264060974121	174.717435836792	1003.1062202453613	225.24312591552734	1088.1659965515137	314.3735542297363	1104.0491905212402	309.7133598327637	1341.5135231018066	265.00031089782715	
265	579.630199432373	193.95538711547852	727.7883224487305	251.08463668823242	817.2581520080566	261.0035057067871	905.6797142028809	168.01173210144043	1014.8470649719238	212.45980072021484	1100.5873832702637	312.2214241027832	1116.1639366149902	307.8005180358887	1353.5414772033691	265.9575252532959	
266	606.0992546081543	187.5499610900879	745.1995162963867	247.71866989135742	836.7314796447754	253.64171981811523	923.0076560974121	147.25239372253418	1027.7661399841309	200.52946853637695	1109.5534477233887	304.40202713012695	1124.9211387634277	299.22024154663086	1357.7389869689941	261.49762535095215	
267	632.9249992370605	177.42758560180664	764.3673629760742	240.57392501831055	856.3336524963379	243.9848747253418	937.9766502380371	130.20821952819824	1040.0488471984863	197.41503143310547	1121.0738334655762	299.9640693664551	1136.9892539978027	295.51317977905273	1366.8201637268066	256.6543941497803	
268	643.675853729248	174.21596145629883	776.7767868041992	235.18651962280273	872.3414039611816	238.5181541442871	953.7586326599121	134.5662670135498	1050.2428169250488	198.7246322631836	1131.8488578796387	299.1747016906738	1147.9515495300293	293.91125106811523	1379.9947242736816	255.4434413909912	
269	648.6314811706543	179.85858535766602	789.1885299682617	236.73427963256836	883.3008155822754	240.38518905639648	967.1167259216309	147.32458305358887	1060.6218452453613	200.17028045654297	1142.9556694030762	295.4614143371582	1158.7898063659668	291.23388290405273	1384.6363143920898	253.5756893157959	
270	657.1399040222168	184.16650772094727	798.8315353393555	240.38181686401367	893.9162940979004	243.44622421264648	977.8246726989746	151.61895561218262	1072.1386909484863	209.6249008178711	1154.8520317077637	296.2549629211426	1170.0328483581543	290.69909286499023	1389.7941513061523	254.7158260345459	
271	672.010326385498	180.24231338500977	814.1782760620117	237.06501388549805	909.2258644104004	237.4301872253418	991.4421043395996	145.77042961120605	1082.9660835266113	215.7827377319336	1162.9557914733887	296.1627388000488	1177.8756217956543	290.16637802124023	1400.8710556030273	255.48749351501465	
272	691.2714347839355	172.00525283813477	826.568717956543	231.1141014099121	923.0668067932129	229.11106491088867	1002.6888084411621	136.262601852417	1090.0601997375488	210.8967514038086	1168.1938285827637	290.66350173950195	1184.3033142089844	285.21853256225586	1403.3731307983398	251.0243740081787	
273	702.0241813659668	166.57622146606445	837.1123580932617	223.88225936889648	933.7279396057129	220.21709823608398	1012.9469261169434	122.99354362487793	1094.8329048156738	203.09307098388672	1173.9242973327637	286.4528388977051	1191.0467262268066	281.80782318115234	1407.5679359436035	245.41837692260742	
274	701.8292350769043	167.5217628479004	841.322868347168	222.02074813842773	939.6506080627441	217.21599960327148	1017.9415550231934	121.92192649841309	1099.6632270812988	198.4642562866211	1179.3555717468262	282.0925636291504	1194.2383766174316	277.0664291381836	1413.299747467041	241.3333396911621	
275	697.2919425964355	169.13167190551758	839.4977340698242	221.83494186401367	938.4944801330566	220.2254753112793	1017.4247093200684	126.4206371307373	1100.3569526672363	198.2281723022461	1179.0854301452637	280.4986000061035	1195.2679138183594	274.86391830444336	1412.1052474975586	238.11655044555664	
276	692.3343620300293	167.78464126586914	834.1149215698242	223.71085739135742	932.1817359924316	222.7508659362793	1012.2419090270996	128.311185836792	1099.1474800109863	195.05269622802734	1178.5190238952637	278.2420082092285	1194.5683288574219	273.77587509155273	1409.6027374267578	234.62983512878418	
277	687.0015983581543	166.81784439086914	826.989128112793	222.83697128295898	925.5567359924316	223.40757369995117	1005.9164085388184	127.13717460632324	1095.6701316833496	189.27112197875977	1174.9732475280762	273.5059242248535	1191.9510192871094	269.1244468688965	1407.2850036621094	231.8193473815918	
278	680.2227058410645	164.12652969360352	820.5673751831055	220.70022201538086	918.9616432189941	221.1292839050293	998.1903343200684	120.50080680847168	1092.180507659912	183.43220901489258	1169.9339408874512	269.40063858032227	1186.7483825683594	264.0890769958496	1401.9882507324219	229.49840927124023	
279	675.9360847473145	157.74899673461914	811.4819869995117	216.35171127319336	910.4797706604004	218.10801315307617	988.0691184997559	114.9295482635498	1087.1630516052246	177.8702735900879	1163.7134819030762	265.0379066467285	1180.4063453674316	259.44005584716797	1396.4899597167969	225.09092330932617	
280	675.7346076965332	142.83247756958008	803.3513107299805	206.7176628112793	901.3454933166504	212.2536735534668	977.5039939880371	110.62586784362793	1081.3551902770996	169.4614601135254	1155.6981010437012	256.060977935791	1171.8144226074219	251.48748397827148	1390.5928497314453	219.03838920593262	
281	671.4763679504395	125.25247573852539	793.813835144043	197.1616325378418	891.8407936096191	203.67370223999023	967.1728172302246	104.94671440124512	1074.7668113708496	157.3870735168457	1144.2551078796387	242.3288459777832	1162.370964050293	238.55352783203125	1379.379051208496	209.9951057434082	
282	662.2200202941895	120.68124771118164	781.557731628418	191.46171188354492	880.8144874572754	198.90554428100586	954.1110496520996	100.92146110534668	1068.2948265075684	145.9261817932129	1132.261547088623	231.82231903076172	1152.5638122558594	228.06218338012695	1365.610496520996	202.54680252075195	
283	642.1363410949707	120.47706985473633	764.9692916870117	191.88964462280273	864.8578834533691	198.3067283630371	938.8816184997559	101.72545433044434	1058.1546897888184	135.93603897094727	1121.486644744873	224.41866302490234	1140.6648864746094	219.4480323791504	1353.1533432006836	195.56868362426758	
284	615.900806427002	134.07155227661133	745.6782150268555	203.69311141967773	843.3657569885254	206.9656639099121	921.8641624450684	112.83246421813965	1044.1292991638184	131.45660781860352	1104.3705558776855	218.95720672607422	1123.1657638549805	215.14088439941406	1337.758731842041	196.51859664916992	
285	596.6465339660645	149.30641555786133	723.9594039916992	219.2900505065918	819.0708351135254	227.23821640014648	902.3561058044434	134.74215507507324	1026.2871360778809	138.59273147583008	1090.4110832214355	229.59041595458984	1108.229362487793	224.36590576171875	1322.0662269592285	207.61916732788086	
286	576.806324005127	155.21159744262695	703.2302780151367	225.3757438659668	797.8393287658691	235.13138961791992	881.6529808044434	143.7697582244873	1011.1878318786621	140.39807510375977	1075.6850395202637	235.30224990844727	1092.5755310058594	229.30550003051758	1310.995059967041	217.15005111694336	
287	553.0749397277832	159.73239517211914	684.0993576049805	226.4938621520996	780.3478736877441	235.3124656677246	861.7252464294434	150.56963920593262	998.7958641052246	134.83540725708008	1060.7081108093262	231.6655158996582	1077.8470153808594	226.14564895629883	1297.745304107666	216.82155990600586	
288	531.268970489502	163.72784805297852	669.826774597168	226.35906600952148	764.8896827697754	235.04194259643555	839.5686302185059	160.33416557312012	987.9607810974121	137.20222854614258	1048.7739067077637	230.92547988891602	1066.3455505371094	225.60966873168945	1289.3880043029785	218.06000900268555	
289	515.992359161377	163.78064346313477	659.6594161987305	225.6133689880371	753.7167701721191	232.73342514038086	821.7127342224121	165.76713371276855	976.9001045227051	149.4097442626953	1039.6657524108887	234.98035049438477	1056.4484558105469	229.06512832641602	1284.72359085083	220.36029434204102	
290	499.6544990539551	162.97523880004883	642.6282272338867	227.30283737182617	735.6611061096191	237.31216049194336	806.2537498474121	167.37862968444824	967.9107856750488	152.25450134277344	1031.6827201843262	234.97981643676758	1047.4579772949219	228.56885147094727	1276.16792678833	220.5778694152832	
291	483.95109939575195	161.46680068969727	624.0634689331055	227.22277450561523	715.430061340332	242.5990982055664	795.1730613708496	159.86124992370605	961.7229804992676	151.83656311035156	1025.7844047546387	236.03155899047852	1042.2812423706055	230.40097045898438	1269.07222366333	219.40047073364258	
292	475.9295463562012	155.9307746887207	613.9207077026367	224.11718368530273	704.0149612426758	241.69794464111328	789.6841697692871	148.1876049041748	955.7971992492676	158.22512817382812	1024.1572074890137	243.89117813110352	1040.755973815918	239.385986328125	1272.72993850708	221.5294532775879	
293	470.5252799987793	154.30249404907227	612.2130661010742	219.07157516479492	700.0998611450195	235.22748565673828	784.1113548278809	142.78083610534668	951.5851593017578	158.9505157470703	1020.4861869812012	249.18136978149414	1038.5541915893555	242.2398223876953	1271.33980178833	221.44366836547852	
294	469.49592208862305	149.47955703735352	612.5817451477051	212.06892204284668	703.7520217895508	225.14591217041016	781.9433250427246	138.37898063659668	950.3444366455078	157.91552734375	1019.8293266296387	249.65321731567383	1037.1811447143555	243.22523498535156	1264.667682647705	218.28447341918945	
295	474.57331466674805	143.47453689575195	616.8822212219238	203.35992240905762	711.118049621582	213.30326080322266	782.4865379333496	137.62627983093262	949.6860542297363	158.27721977233887	1020.8365287780762	250.35512161254883	1037.0515060424805	243.7156982421875	1264.1560859680176	215.3417854309082	
296	473.3632621765137	139.44284439086914	611.5586471557617	203.06492233276367	706.6673049926758	214.5480728149414	783.4724388122559	137.476957321167	948.7865791320801	156.08666801452637	1019.9785575866699	245.36043167114258	1036.152214050293	241.31674194335938	1262.30708694458	209.94049453735352	
297	471.91657638549805	140.17670059204102	608.6096115112305	204.23171615600586	705.3518753051758	217.30615997314453	783.1065940856934	138.73573112487793	948.0167999267578	150.74847221374512	1019.2805290222168	239.91539764404297	1035.6882019042969	233.59149551391602	1259.606159210205	203.67476272583008	
298	476.6134147644043	137.04018020629883	609.715690612793	203.7605857849121	703.1215286254883	216.95890045166016	785.3086204528809	137.05927848815918	948.3379669189453	148.2691993713379	1020.9015007019043	235.18880462646484	1036.6744079589844	228.49274063110352	1263.727252960205	196.7533302307129	
299	479.6831169128418	133.83935928344727	609.1725387573242	202.58147811889648	703.2370681762695	214.93622589111328	789.6739845275879	132.02334785461426	951.5481109619141	144.53985977172852	1023.6633720397949	228.93332290649414	1039.1569519042969	222.11342239379883	1267.3589668273926	188.28154373168945	
300	484.8864860534668	129.97926712036133	614.8988571166992	192.5463523864746	714.3281555175781	197.98862648010254	796.5562477111816	125.50501441955566	953.4124298095703	143.11459732055664	1025.3925590515137	225.23068618774414	1041.2816429138184	219.00884246826172	1268.04536819458	179.0836067199707	
301	485.1465263366699	125.92335891723633	622.5924606323242	180.6630973815918	723.5998840332031	180.7732334136963	803.5793800354004	118.65341377258301	956.4598541259766	143.3990821838379	1027.8551063537598	222.43312454223633	1043.8889427185059	217.39592742919922	1269.4723777770996	172.82574653625488	
302	483.9609489440918	125.00774002075195	624.6318283081055	177.00693893432617	725.4127502441406	174.77439308166504	805.9364356994629	114.25654029846191	955.8855094909668	140.85532760620117	1027.5976600646973	215.44720840454102	1044.0734558105469	209.41174697875977	1268.749111175537	167.59283638000488	
303	482.3225212097168	121.26881790161133	623.0532760620117	175.55454635620117	722.0166320800781	174.68996620178223	805.3677024841309	111.33864402770996	950.3551750183105	131.09940719604492	1024.2297401428223	204.31776809692383	1041.3213806152344	199.07013320922852	1266.2948875427246	156.6779499053955	
304	471.0279960632324	120.51396560668945	616.3344039916992	173.84157943725586	717.3308410644531	173.30918312072754	803.6018943786621	106.89027214050293	946.2019157409668	114.95730781555176	1022.4070472717285	194.79443740844727	1039.3828392028809	189.21556854248047	1261.2699851989746	140.92158699035645	
305	460.7483024597168	116.35197830200195	611.6823654174805	169.27195358276367	713.7181701660156	168.5753879547119	801.3118553161621	102.37982749938965	945.4569816589355	100.74495124816895	1018.9719734191895	186.15622520446777	1036.6905212402344	180.4382667541504	1259.9544639587402	130.37788772583008	
306	454.92695236206055	114.57767105102539	607.1892623901367	167.96441268920898	708.7782287597656	168.37398719787598	796.2422142028809	103.02435874938965	943.8800773620605	92.7206974029541	1016.4121704101562	180.7948169708252	1033.2043151855469	174.28010940551758	1259.504482269287	127.38658332824707	
307	449.8001518249512	114.88887405395508	602.977897644043	171.46966171264648	703.8264465332031	172.8175754547119	790.2496604919434	108.10175132751465	941.7370109558105	93.26803016662598	1013.4437255859375	180.11746406555176	1030.9455261230469	173.4360237121582	1258.2101707458496	129.22744941711426	
308	453.1867485046387	115.40872573852539	602.9277877807617	173.75263595581055	700.0809631347656	177.8480167388916	787.2958030700684	110.15571403503418	940.5764274597168	94.48980903625488	1012.2675170898438	177.46183967590332	1029.6154479980469	172.31708145141602	1258.4301719665527	133.40402603149414	
309	465.0562858581543	111.39815139770508	605.110221862793	171.5382194519043	701.5884094238281	175.0133457183838	788.2636375427246	106.63666343688965	941.9892692565918	91.99066352844238	1011.7161140441895	173.34546279907227	1029.3413009643555	168.18618774414062	1258.1166954040527	133.38557815551758	
310	487.23835372924805	103.84828567504883	612.373893737793	165.35650253295898	709.3011779785156	167.71096229553223	794.2477073669434	98.35433769226074	946.9801750183105	92.4969425201416	1015.4569473266602	172.17448806762695	1032.4250411987305	166.1810302734375	1260.8831748962402	132.51852798461914	
311	496.3151054382324	105.21152114868164	624.459587097168	161.2118034362793	719.6992492675781	162.4094944000244	803.2085838317871	89.53311729431152	952.2165031433105	93.38424873352051	1020.7159194946289	171.94783401489258	1039.3531188964844	166.1698341369629	1269.8835411071777	133.39328384399414	
312	511.4776420593262	109.27640151977539	640.609977722168	162.9800682067871	731.1861877441406	163.3124942779541	810.5053367614746	90.98715782165527	957.8586006164551	99.66818046569824	1029.026626586914	181.1002597808838	1045.9352722167969	175.37628555297852	1281.0663719177246	139.59488105773926	
313	522.1342277526855	117.18014907836914	653.351188659668	169.4744987487793	738.2701721191406	171.84487342834473	820.7156028747559	96.32291984558105	964.4825553894043	108.36991310119629	1039.6881256103516	195.57679176330566	1057.0197448730469	189.0538215637207	1298.647548675537	152.72879219055176	
314	519.0016593933105	123.36844253540039	659.8351020812988	173.2490520477295	744.5052795410156	177.26140785217285	830.6357078552246	95.54849052429199	971.0880241394043	112.20421028137207	1049.3704643249512	201.43550300598145	1065.0470886230469	195.66489028930664	1321.8360137939453	165.19891548156738	
315	521.3911247253418	124.92163467407227	664.5072822570801	174.09603691101074	748.9791946411133	180.39887046813965	835.8182640075684	94.50465202331543	977.324291229248	111.03024482727051	1053.137077331543	199.9599266052246	1069.7934837341309	194.26122283935547	1340.6443634033203	170.13464546203613	
316	527.7745475769043	124.16910171508789	664.6346015930176	173.8183879852295	750.0904006958008	180.61217308044434	836.9652366638184	92.75738334655762	986.1183586120605	111.40423011779785	1060.432243347168	200.6640281677246	1078.1676940917969	193.9995460510254	1361.2965850830078	173.49307441711426	
317	526.341625213623	121.3021125793457	664.3513984680176	171.47433280944824	752.413215637207	173.86697959899902	837.7735252380371	85.94869804382324	992.1352043151855	110.9760684967041	1066.0265808105469	199.33288383483887	1083.011589050293	193.3107147216797	1362.601131439209	173.3752670288086	
318	522.7502555847168	113.56303787231445	658.2946357727051	165.23617362976074	752.6508865356445	166.52272605895996	833.7752342224121	79.07668113708496	996.6557731628418	104.72066688537598	1066.6654968261719	192.18322563171387	1084.1711120605469	185.80818557739258	1351.3007164001465	172.15865325927734	
319	518.9690055847168	104.29709243774414	646.7447090148926	159.08830070495605	743.9440994262695	160.1759090423584	824.6183128356934	73.78552055358887	1006.1811637878418	94.10610389709473	1074.5562438964844	182.01690483093262	1092.0790710449219	177.03377151489258	1354.556209564209	166.97237396240234	
320	514.0668449401855	96.05696487426758	634.9165573120117	153.82453536987305	729.2833557128906	156.16661834716797	810.0418357849121	72.44535636901855	1018.122631072998	82.80591011047363	1086.3424987792969	170.14936637878418	1102.4797058105469	164.7983283996582	1364.312313079834	160.00530242919922	
321	492.2441825866699	92.05012893676758	614.2348556518555	151.92052841186523	706.9269104003906	154.66757202148438	786.1713523864746	71.12162590026855	1035.7761344909668	69.55274391174316	1101.3239440917969	156.36712455749512	1119.2448425292969	151.17416763305664	1364.4816246032715	144.38833618164062	
322	470.4971733093262	78.47459411621094	584.1286544799805	138.30813217163086	677.9720764160156	147.63473510742188	754.6600608825684	69.85232353210449	1067.2485466003418	56.6112174987793	1129.4113464355469	137.47453117370605	1149.5822448730469	131.73816299438477	1377.5189781188965	120.7906494140625	
323	440.5907402038574	72.90843200683594	551.621940612793	118.95592880249023	642.2038879394531	133.6800079345703	713.6646995544434	65.41560935974121	1108.0427360534668	45.02971649169922	1171.6578063964844	112.75212669372559	1195.7588806152344	108.43000030517578	1412.017635345459	92.33282470703125	
324	430.60212326049805	73.17284393310547	515.9175338745117	100.48789596557617	606.6391906738281	118.78257751464844	668.7784080505371	56.82278823852539	1153.7199821472168	34.65312194824219	1215.7610778808594	92.7237377166748	1244.2663497924805	89.65196990966797	1440.9342613220215	67.96722412109375	
325	396.6216850280762	68.16659545898438	515.6608810424805	91.38203048706055	555.2839660644531	103.20741271972656	619.8562393188477	55.48126220703125	1208.0633659362793	24.27594757080078	1262.9209899902344	70.2872142791748	1316.7607345581055	72.3956298828125	1417.294002532959	73.18881225585938	
